0.0 0.0 1.0 0.5036581381167416
0.0 0.0 0.9396926207859084 0.5036294946449781
0.0 0.0 0.766044443118978 0.503640061476052
0.0 0.0 0.5000000000000001 0.5036485916132123
0.0 0.0 0.17364817766693041 0.5036659941107872
0.0 0.0 -0.1736481776669303 0.503686253818865
0.0 0.0 -0.4999999999999998 0.5037009752503783
0.0 0.0 -0.7660444431189779 0.5037028640466855
0.0 0.0 -0.9396926207859083 0.5036951802504919
0.0 0.0 -1.0 0.5036581381196767
-0.0 -0.0 -0.9396926207859084 0.5036294946425093
-0.0 -0.0 -0.766044443118978 0.5036400614789641
-0.0 -0.0 -0.5000000000000004 0.5036485916157107
-0.0 -0.0 -0.17364817766693033 0.5036659941070415
-0.0 -0.0 0.17364817766692997 0.5036862538377509
-0.0 -0.0 0.5000000000000001 0.5037009752472004
-0.0 -0.0 0.7660444431189778 0.5037028640356594
-0.0 -0.0 0.9396926207859081 0.5036951802433565
0.0 0.0 1.0 0.5036581381167416
0.11697777844051097 0.11697777844051097 0.9396926207859084 0.5036481953149928
0.21984631039295416 0.21984631039295416 0.766044443118978 0.5036722642146776
0.2961981327260238 0.2961981327260238 0.5000000000000001 0.5037088880395968
0.33682408883346515 0.33682408883346515 0.17364817766693041 0.5037340731877828
0.33682408883346515 0.33682408883346515 -0.1736481776669303 0.5037418558826571
0.29619813272602386 0.29619813272602386 -0.4999999999999998 0.5037313069163283
0.21984631039295424 0.21984631039295424 -0.7660444431189779 0.5037103607468585
0.11697777844051102 0.11697777844051102 -0.9396926207859083 0.5036838073137729
4.188538737676992e-17 4.188538737676992e-17 -1.0 0.5036581381196767
-0.11697777844051095 -0.11697777844051095 -0.9396926207859084 0.5036481953195779
-0.21984631039295416 -0.21984631039295416 -0.766044443118978 0.5036722642148808
-0.29619813272602374 -0.29619813272602374 -0.5000000000000004 0.5037088880287519
-0.33682408883346515 -0.33682408883346515 -0.17364817766693033 0.5037340731919263
-0.33682408883346515 -0.33682408883346515 0.17364817766692997 0.5037418559004755
-0.2961981327260238 -0.2961981327260238 0.5000000000000001 0.5037313069301272
-0.21984631039295427 -0.21984631039295427 0.7660444431189778 0.5037103607267052
-0.11697777844051122 -0.11697777844051122 0.9396926207859081 0.5036838073185337
0.0 0.0 1.0 0.5036581381167416
0.21984631039295416 0.21984631039295416 0.9396926207859084 0.5036840321869037
0.41317591116653474 0.41317591116653474 0.766044443118978 0.503712749682841
0.5566703992264193 0.5566703992264193 0.5000000000000001 0.503735485079879
0.633022221559489 0.633022221559489 0.17364817766693041 0.5037463998005839
0.633022221559489 0.633022221559489 -0.1736481776669303 0.5037370612229378
0.5566703992264194 0.5566703992264194 -0.4999999999999998 0.5037089525181349
0.41317591116653485 0.41317591116653485 -0.7660444431189779 0.503671184317349
0.21984631039295427 0.21984631039295427 -0.9396926207859083 0.5036490243513319
7.871877887341985e-17 7.871877887341985e-17 -1.0 0.5036581381196767
-0.21984631039295413 -0.21984631039295413 -0.9396926207859084 0.5036840321972079
-0.41317591116653474 -0.41317591116653474 -0.766044443118978 0.5037127496816117
-0.5566703992264191 -0.5566703992264191 -0.5000000000000004 0.5037354850690623
-0.633022221559489 -0.633022221559489 -0.17364817766693033 0.503746399795456
-0.633022221559489 -0.633022221559489 0.17364817766692997 0.5037370612353832
-0.5566703992264193 -0.5566703992264193 0.5000000000000001 0.5037089525234995
-0.41317591116653496 -0.41317591116653496 0.7660444431189778 0.5036711843202387
-0.21984631039295463 -0.21984631039295463 0.9396926207859081 0.5036490243586569
0.0 0.0 1.0 0.5036581381167416
0.2961981327260238 0.2961981327260238 0.9396926207859084 0.5036971811690841
0.5566703992264193 0.5566703992264193 0.766044443118978 0.5037083019035314
0.7499999999999999 0.7499999999999999 0.5000000000000001 0.5037099261630834
0.8528685319524432 0.8528685319524432 0.17364817766693041 0.5036955834914717
0.8528685319524432 0.8528685319524432 -0.1736481776669303 0.503672445293442
0.75 0.75 -0.4999999999999998 0.503650781886811
0.5566703992264195 0.5566703992264195 -0.7660444431189779 0.5036391477405598
0.29619813272602397 0.29619813272602397 -0.9396926207859083 0.5036276934585235
1.0605752387249068e-16 1.0605752387249068e-16 -1.0 0.5036581381196767
-0.29619813272602374 -0.29619813272602374 -0.9396926207859084 0.5036971811645644
-0.5566703992264193 -0.5566703992264193 -0.766044443118978 0.5037083018916265
-0.7499999999999998 -0.7499999999999998 -0.5000000000000004 0.5037099261830007
-0.8528685319524432 -0.8528685319524432 -0.17364817766693033 0.503695583488274
-0.8528685319524433 -0.8528685319524433 0.17364817766692997 0.5036724452994322
-0.7499999999999999 -0.7499999999999999 0.5000000000000001 0.5036507818769974
-0.5566703992264196 -0.5566703992264196 0.7660444431189778 0.5036391477393671
-0.2961981327260244 -0.2961981327260244 0.9396926207859081 0.5036276934539994
0.0 0.0 1.0 0.5036581381167416
0.33682408883346515 0.33682408883346515 0.9396926207859084 0.503694914553967
0.633022221559489 0.633022221559489 0.766044443118978 0.5036869721020888
0.8528685319524432 0.8528685319524432 0.5000000000000001 0.5036513372593477
0.9698463103929541 0.9698463103929541 0.17364817766693041 0.5035967730890789
0.9698463103929541 0.9698463103929541 -0.1736481776669303 0.5035397113704356
0.8528685319524433 0.8528685319524433 -0.4999999999999998 0.5035255151597263
0.6330222215594892 0.6330222215594892 -0.7660444431189779 0.5035706195147904
0.3368240888334653 0.3368240888334653 -0.9396926207859083 0.5036163814737743
1.2060416625018976e-16 1.2060416625018976e-16 -1.0 0.5036581381196767
-0.3368240888334651 -0.3368240888334651 -0.9396926207859084 0.5036949145517645
-0.633022221559489 -0.633022221559489 -0.766044443118978 0.503686972093548
-0.852868531952443 -0.852868531952443 -0.5000000000000004 0.503651337247082
-0.9698463103929541 -0.9698463103929541 -0.17364817766693033 0.5035967730917199
-0.9698463103929542 -0.9698463103929542 0.17364817766692997 0.5035397113602073
-0.8528685319524432 -0.8528685319524432 0.5000000000000001 0.5035255151586002
-0.6330222215594893 -0.6330222215594893 0.7660444431189778 0.5035706195073111
-0.3368240888334659 -0.3368240888334659 0.9396926207859081 0.5036163814690842
0.0 0.0 1.0 0.5036581381167416
0.33682408883346515 0.33682408883346515 0.9396926207859084 0.5036895783083729
0.633022221559489 0.633022221559489 0.766044443118978 0.5036614742191732
0.8528685319524432 0.8528685319524432 0.5000000000000001 0.5035898066364669
0.9698463103929541 0.9698463103929541 0.17364817766693041 0.5034752226941865
0.9698463103929541 0.9698463103929541 -0.1736481776669303 0.5033409971885585
0.8528685319524433 0.8528685319524433 -0.4999999999999998 0.5033447920237561
0.6330222215594892 0.6330222215594892 -0.7660444431189779 0.5034904035290281
0.3368240888334653 0.3368240888334653 -0.9396926207859083 0.503602410872632
1.2060416625018976e-16 1.2060416625018976e-16 -1.0 0.5036581381196767
-0.3368240888334651 -0.3368240888334651 -0.9396926207859084 0.5036895783048945
-0.633022221559489 -0.633022221559489 -0.766044443118978 0.5036614742097211
-0.852868531952443 -0.852868531952443 -0.5000000000000004 0.5035898066306572
-0.9698463103929541 -0.9698463103929541 -0.17364817766693033 0.5034752226942283
-0.9698463103929542 -0.9698463103929542 0.17364817766692997 0.5033409971919777
-0.8528685319524432 -0.8528685319524432 0.5000000000000001 0.5033447920260493
-0.6330222215594893 -0.6330222215594893 0.7660444431189778 0.5034904035350576
-0.3368240888334659 -0.3368240888334659 0.9396926207859081 0.5036024108691303
0.0 0.0 1.0 0.5036581381167416
0.29619813272602386 0.29619813272602386 0.9396926207859084 0.5036873036558349
0.5566703992264194 0.5566703992264194 0.766044443118978 0.5036493482506238
0.75 0.75 0.5000000000000001 0.5035611006451421
0.8528685319524433 0.8528685319524433 0.17364817766693041 0.5034123223423072
0.8528685319524433 0.8528685319524433 -0.1736481776669303 0.5032316448493803
0.7500000000000001 0.7500000000000001 -0.4999999999999998 0.5032497662728475
0.5566703992264196 0.5566703992264196 -0.7660444431189779 0.5034539330146829
0.29619813272602397 0.29619813272602397 -0.9396926207859083 0.5035962934076055
1.0605752387249069e-16 1.0605752387249069e-16 -1.0 0.5036581381196767
-0.2961981327260238 -0.2961981327260238 -0.9396926207859084 0.5036873036609116
-0.5566703992264194 -0.5566703992264194 -0.766044443118978 0.5036493482493016
-0.7499999999999999 -0.7499999999999999 -0.5000000000000004 0.5035611006360443
-0.8528685319524433 -0.8528685319524433 -0.17364817766693033 0.503412322340791
-0.8528685319524434 -0.8528685319524434 0.17364817766692997 0.5032316448482981
-0.75 -0.75 0.5000000000000001 0.5032497662692824
-0.5566703992264196 -0.5566703992264196 0.7660444431189778 0.5034539330092114
-0.29619813272602447 -0.29619813272602447 0.9396926207859081 0.5035962933991777
0.0 0.0 1.0 0.5036581381167416
0.21984631039295424 0.21984631039295424 0.9396926207859084 0.5036882761515484
0.41317591116653485 0.41317591116653485 0.766044443118978 0.5036577266110016
0.5566703992264195 0.5566703992264195 0.5000000000000001 0.5035849451836807
0.6330222215594892 0.6330222215594892 0.17364817766693041 0.5034759810369878
0.6330222215594892 0.6330222215594892 -0.1736481776669303 0.5033569961358014
0.5566703992264196 0.5566703992264196 -0.4999999999999998 0.5033614528246388
0.413175911166535 0.413175911166535 -0.7660444431189779 0.5034946711943997
0.21984631039295432 0.21984631039295432 -0.9396926207859083 0.5036030765080897
7.871877887341988e-17 7.871877887341988e-17 -1.0 0.5036581381196767
-0.2198463103929542 -0.2198463103929542 -0.9396926207859084 0.5036882761568535
-0.41317591116653485 -0.41317591116653485 -0.766044443118978 0.5036577266038791
-0.5566703992264194 -0.5566703992264194 -0.5000000000000004 0.5035849451683473
-0.6330222215594892 -0.6330222215594892 -0.17364817766693033 0.503475981035551
-0.6330222215594892 -0.6330222215594892 0.17364817766692997 0.5033569961358301
-0.5566703992264195 -0.5566703992264195 0.5000000000000001 0.5033614528304738
-0.41317591116653507 -0.41317591116653507 0.7660444431189778 0.50349467119014
-0.21984631039295469 -0.21984631039295469 0.9396926207859081 0.5036030764968008
0.0 0.0 1.0 0.5036581381167416
0.11697777844051102 0.11697777844051102 0.9396926207859084 0.5036926364570278
0.21984631039295427 0.21984631039295427 0.766044443118978 0.5036809825016934
0.29619813272602397 0.29619813272602397 0.5000000000000001 0.5036424927323068
0.3368240888334653 0.3368240888334653 0.17364817766693041 0.5035898089107924
0.3368240888334653 0.3368240888334653 -0.1736481776669303 0.5035404664785691
0.29619813272602397 0.29619813272602397 -0.4999999999999998 0.5035306679482535
0.21984631039295432 0.21984631039295432 -0.7660444431189779 0.5035730541848616
0.11697777844051108 0.11697777844051108 -0.9396926207859083 0.5036176692650172
4.1885387376769936e-17 4.1885387376769936e-17 -1.0 0.5036581381196767
-0.11697777844051101 -0.11697777844051101 -0.9396926207859084 0.5036926364633335
-0.21984631039295427 -0.21984631039295427 -0.766044443118978 0.5036809824889584
-0.2961981327260239 -0.2961981327260239 -0.5000000000000004 0.5036424927304975
-0.3368240888334653 -0.3368240888334653 -0.17364817766693033 0.5035898089153228
-0.3368240888334653 -0.3368240888334653 0.17364817766692997 0.5035404664749514
-0.29619813272602397 -0.29619813272602397 0.5000000000000001 0.5035306679428763
-0.21984631039295438 -0.21984631039295438 0.7660444431189778 0.5035730541786366
-0.11697777844051127 -0.11697777844051127 0.9396926207859081 0.5036176692560611
