0.0 0.0 1.0 1.0
0.0 0.0 0.9396926207859084 1.281712764111577
0.0 0.0 0.766044443118978 1.4088320528055172
0.0 0.0 0.5000000000000001 1.3660254037844388
0.0 0.0 0.17364817766693041 1.1584559306791384
0.0 0.0 -0.1736481776669303 0.8111595753452777
0.0 0.0 -0.4999999999999998 0.36602540378443893
0.0 0.0 -0.7660444431189779 -0.12325683343243843
0.0 0.0 -0.9396926207859083 -0.5976724774602394
0.0 0.0 -1.0 -0.9999999999999999
-0.0 -0.0 -0.9396926207859084 -1.281712764111577
-0.0 -0.0 -0.766044443118978 -1.4088320528055172
-0.0 -0.0 -0.5000000000000004 -1.3660254037844388
-0.0 -0.0 -0.17364817766693033 -1.1584559306791384
-0.0 -0.0 0.17364817766692997 -0.8111595753452782
-0.0 -0.0 0.5000000000000001 -0.3660254037844385
-0.0 -0.0 0.7660444431189778 0.1232568334324382
-0.0 -0.0 0.9396926207859081 0.5976724774602387
0.0 0.0 1.0 1.0
0.11697777844051097 0.11697777844051097 0.9396926207859084 1.378064204069689
0.21984631039295416 0.21984631039295416 0.766044443118978 1.5899135270669857
0.2961981327260238 0.2961981327260238 0.5000000000000001 1.6099958140753976
0.33682408883346515 0.33682408883346515 0.17364817766693041 1.4358888448987188
0.33682408883346515 0.33682408883346515 -0.1736481776669303 1.0885924895648582
0.29619813272602386 0.29619813272602386 -0.4999999999999998 0.6099958140753978
0.21984631039295424 0.21984631039295424 -0.7660444431189779 0.05782464082903016
0.11697777844051102 0.11697777844051102 -0.9396926207859083 -0.5013210375021275
4.188538737676992e-17 4.188538737676992e-17 -1.0 -0.9999999999999999
-0.11697777844051095 -0.11697777844051095 -0.9396926207859084 -1.378064204069689
-0.21984631039295416 -0.21984631039295416 -0.766044443118978 -1.5899135270669857
-0.29619813272602374 -0.29619813272602374 -0.5000000000000004 -1.6099958140753978
-0.33682408883346515 -0.33682408883346515 -0.17364817766693033 -1.4358888448987188
-0.33682408883346515 -0.33682408883346515 0.17364817766692997 -1.0885924895648587
-0.2961981327260238 -0.2961981327260238 0.5000000000000001 -0.6099958140753974
-0.21984631039295427 -0.21984631039295427 0.7660444431189778 -0.057824640829030494
-0.11697777844051122 -0.11697777844051122 0.9396926207859081 0.5013210375021266
0.0 0.0 1.0 1.0
0.21984631039295416 0.21984631039295416 0.9396926207859084 1.4215415614082476
0.41317591116653474 0.41317591116653474 0.766044443118978 1.671624230791617
0.5566703992264193 0.5566703992264193 0.5000000000000001 1.7200843473953578
0.633022221559489 0.633022221559489 0.17364817766693041 1.5610769059619083
0.633022221559489 0.633022221559489 -0.1736481776669303 1.2137805506280475
0.5566703992264194 0.5566703992264194 -0.4999999999999998 0.720084347395358
0.41317591116653485 0.41317591116653485 -0.7660444431189779 0.13953534455366107
0.21984631039295427 0.21984631039295427 -0.9396926207859083 -0.4578436801635689
7.871877887341985e-17 7.871877887341985e-17 -1.0 -0.9999999999999998
-0.21984631039295413 -0.21984631039295413 -0.9396926207859084 -1.4215415614082476
-0.41317591116653474 -0.41317591116653474 -0.766044443118978 -1.671624230791617
-0.5566703992264191 -0.5566703992264191 -0.5000000000000004 -1.7200843473953578
-0.633022221559489 -0.633022221559489 -0.17364817766693033 -1.561076905961908
-0.633022221559489 -0.633022221559489 0.17364817766692997 -1.213780550628048
-0.5566703992264193 -0.5566703992264193 0.5000000000000001 -0.7200843473953575
-0.41317591116653496 -0.41317591116653496 0.7660444431189778 -0.1395353445536614
-0.21984631039295463 -0.21984631039295463 0.9396926207859081 0.45784368016356797
0.0 0.0 1.0 1.0
0.2961981327260238 0.2961981327260238 0.9396926207859084 1.4069008251747668
0.5566703992264193 0.5566703992264193 0.766044443118978 1.644108647188667
0.7499999999999999 0.7499999999999999 0.5000000000000001 1.6830127018922194
0.8528685319524432 0.8528685319524432 0.17364817766693041 1.5189205861254775
0.8528685319524432 0.8528685319524432 -0.1736481776669303 1.171624230791617
0.75 0.75 -0.4999999999999998 0.6830127018922196
0.5566703992264195 0.5566703992264195 -0.7660444431189779 0.11201976095071137
0.29619813272602397 0.29619813272602397 -0.9396926207859083 -0.47248441639704986
1.0605752387249068e-16 1.0605752387249068e-16 -1.0 -0.9999999999999998
-0.29619813272602374 -0.29619813272602374 -0.9396926207859084 -1.4069008251747666
-0.5566703992264193 -0.5566703992264193 -0.766044443118978 -1.644108647188667
-0.7499999999999998 -0.7499999999999998 -0.5000000000000004 -1.6830127018922196
-0.8528685319524432 -0.8528685319524432 -0.17364817766693033 -1.5189205861254775
-0.8528685319524433 -0.8528685319524433 0.17364817766692997 -1.1716242307916174
-0.7499999999999999 -0.7499999999999999 0.5000000000000001 -0.6830127018922192
-0.5566703992264196 -0.5566703992264196 0.7660444431189778 -0.11201976095071164
-0.2961981327260244 -0.2961981327260244 0.9396926207859081 0.47248441639704886
0.0 0.0 1.0 1.0
0.33682408883346515 0.33682408883346515 0.9396926207859084 1.3359078842332581
0.633022221559489 0.633022221559489 0.766044443118978 1.5106855617274166
0.8528685319524432 0.8528685319524432 0.5000000000000001 1.5032522651328788
0.9698463103929541 0.9698463103929541 0.17364817766693041 1.314504559722719
0.9698463103929541 0.9698463103929541 -0.1736481776669303 0.9672082043888582
0.8528685319524433 0.8528685319524433 -0.4999999999999998 0.5032522651328788
0.6330222215594892 0.6330222215594892 -0.7660444431189779 -0.021403324510539
0.3368240888334653 0.3368240888334653 -0.9396926207859083 -0.5434773573385582
1.2060416625018976e-16 1.2060416625018976e-16 -1.0 -0.9999999999999999
-0.3368240888334651 -0.3368240888334651 -0.9396926207859084 -1.3359078842332581
-0.633022221559489 -0.633022221559489 -0.766044443118978 -1.5106855617274166
-0.852868531952443 -0.852868531952443 -0.5000000000000004 -1.5032522651328788
-0.9698463103929541 -0.9698463103929541 -0.17364817766693033 -1.314504559722719
-0.9698463103929542 -0.9698463103929542 0.17364817766692997 -0.9672082043888587
-0.8528685319524432 -0.8528685319524432 0.5000000000000001 -0.5032522651328784
-0.6330222215594893 -0.6330222215594893 0.7660444431189778 0.021403324510538765
-0.3368240888334659 -0.3368240888334659 0.9396926207859081 0.5434773573385574
0.0 0.0 1.0 1.0
0.33682408883346515 0.33682408883346515 0.9396926207859084 1.2171255350054888
0.633022221559489 0.633022221559489 0.766044443118978 1.2874477676295173
0.8528685319524432 0.8528685319524432 0.5000000000000001 1.2024847987720082
0.9698463103929541 0.9698463103929541 0.17364817766693041 0.9724844163970502
0.9698463103929541 0.9698463103929541 -0.1736481776669303 0.6251880610631895
0.8528685319524433 0.8528685319524433 -0.4999999999999998 0.20248479877200823
0.6330222215594892 0.6330222215594892 -0.7660444431189779 -0.2446411186084384
0.3368240888334653 0.3368240888334653 -0.9396926207859083 -0.6622597065663277
1.2060416625018976e-16 1.2060416625018976e-16 -1.0 -0.9999999999999999
-0.3368240888334651 -0.3368240888334651 -0.9396926207859084 -1.2171255350054888
-0.633022221559489 -0.633022221559489 -0.766044443118978 -1.2874477676295173
-0.852868531952443 -0.852868531952443 -0.5000000000000004 -1.2024847987720082
-0.9698463103929541 -0.9698463103929541 -0.17364817766693033 -0.9724844163970502
-0.9698463103929542 -0.9698463103929542 0.17364817766692997 -0.6251880610631899
-0.8528685319524432 -0.8528685319524432 0.5000000000000001 -0.2024847987720078
-0.6330222215594893 -0.6330222215594893 0.7660444431189778 0.24464111860843818
-0.3368240888334659 -0.3368240888334659 0.9396926207859081 0.662259706566327
0.0 0.0 1.0 1.0
0.29619813272602386 0.29619813272602386 0.9396926207859084 1.0648806818490981
0.5566703992264194 0.5566703992264194 0.766044443118978 1.001321037502128
0.75 0.75 0.5000000000000001 0.8169872981077808
0.8528685319524433 0.8528685319524433 0.17364817766693041 0.5341128331132698
0.8528685319524433 0.8528685319524433 -0.1736481776669303 0.18681647777940918
0.7500000000000001 0.7500000000000001 -0.4999999999999998 -0.18301270189221885
0.5566703992264196 0.5566703992264196 -0.7660444431189779 -0.5307678487358278
0.29619813272602397 0.29619813272602397 -0.9396926207859083 -0.8145045597227186
1.0605752387249069e-16 1.0605752387249069e-16 -1.0 -1.0
-0.2961981327260238 -0.2961981327260238 -0.9396926207859084 -1.0648806818490981
-0.5566703992264194 -0.5566703992264194 -0.766044443118978 -1.001321037502128
-0.7499999999999999 -0.7499999999999999 -0.5000000000000004 -0.8169872981077814
-0.8528685319524433 -0.8528685319524433 -0.17364817766693033 -0.5341128331132698
-0.8528685319524434 -0.8528685319524434 0.17364817766692997 -0.18681647777940957
-0.75 -0.75 0.5000000000000001 0.18301270189221924
-0.5566703992264196 -0.5566703992264196 0.7660444431189778 0.5307678487358278
-0.29619813272602447 -0.29619813272602447 0.9396926207859081 0.8145045597227183
0.0 0.0 1.0 1.0
0.21984631039295424 0.21984631039295424 0.9396926207859084 0.8975363009494777
0.41317591116653485 0.41317591116653485 0.766044443118978 0.686816477779409
0.5566703992264195 0.5566703992264195 0.5000000000000001 0.3932564510574812
0.6330222215594892 0.6330222215594892 0.17364817766693041 0.052263892490930774
0.6330222215594892 0.6330222215594892 -0.1736481776669303 -0.29503246284292994
0.5566703992264196 0.5566703992264196 -0.4999999999999998 -0.6067435489425185
0.413175911166535 0.413175911166535 -0.7660444431189779 -0.845272408458547
0.21984631039295432 0.21984631039295432 -0.9396926207859083 -0.981848940622339
7.871877887341988e-17 7.871877887341988e-17 -1.0 -1.0
-0.2198463103929542 -0.2198463103929542 -0.9396926207859084 -0.8975363009494778
-0.41317591116653485 -0.41317591116653485 -0.766044443118978 -0.686816477779409
-0.5566703992264194 -0.5566703992264194 -0.5000000000000004 -0.39325645105748175
-0.6330222215594892 -0.6330222215594892 -0.17364817766693033 -0.052263892490930663
-0.6330222215594892 -0.6330222215594892 0.17364817766692997 0.2950324628429297
-0.5566703992264195 -0.5566703992264195 0.5000000000000001 0.6067435489425189
-0.41317591116653507 -0.41317591116653507 0.7660444431189778 0.8452724084585468
-0.21984631039295469 -0.21984631039295469 0.9396926207859081 0.981848940622339
0.0 0.0 1.0 1.0
0.11697777844051102 0.11697777844051102 0.9396926207859084 0.7352765943831499
0.21984631039295427 0.21984631039295427 0.766044443118978 0.3818679799568787
0.29619813272602397 0.29619813272602397 0.5000000000000001 -0.017599548623349448
0.3368240888334653 0.3368240888334653 0.17364817766693041 -0.41494431189792746
0.3368240888334653 0.3368240888334653 -0.1736481776669303 -0.7622406672317883
0.29619813272602397 0.29619813272602397 -0.4999999999999998 -1.0175995486233496
0.21984631039295432 0.21984631039295432 -0.7660444431189779 -1.1502209062810773
0.11697777844051108 0.11697777844051108 -0.9396926207859083 -1.144108647188667
4.1885387376769936e-17 4.1885387376769936e-17 -1.0 -1.0000000000000002
-0.11697777844051101 -0.11697777844051101 -0.9396926207859084 -0.7352765943831499
-0.21984631039295427 -0.21984631039295427 -0.766044443118978 -0.3818679799568787
-0.2961981327260239 -0.2961981327260239 -0.5000000000000004 0.017599548623349115
-0.3368240888334653 -0.3368240888334653 -0.17364817766693033 0.4149443118979276
-0.3368240888334653 -0.3368240888334653 0.17364817766692997 0.7622406672317881
-0.29619813272602397 -0.29619813272602397 0.5000000000000001 1.0175995486233498
-0.21984631039295438 -0.21984631039295438 0.7660444431189778 1.1502209062810773
-0.11697777844051127 -0.11697777844051127 0.9396926207859081 1.1441086471886672
