0.0 0.0 1.0 1.0
0.0 0.0 1.0 1.0
0.17364817766693033 0.0 0.984807753012208 1.1584559306791384
1.0632884247878856e-17 0.17364817766693033 0.984807753012208 1.1584559306791384
0.3420201433256687 0.0 0.9396926207859084 1.281712764111577
2.094269368838496e-17 0.3420201433256687 0.9396926207859084 1.281712764111577
0.49999999999999994 0.0 0.8660254037844387 1.3660254037844386
3.0616169978683824e-17 0.49999999999999994 0.8660254037844387 1.3660254037844386
0.6427876096865393 0.0 0.766044443118978 1.4088320528055172
3.9359389436709925e-17 0.6427876096865393 0.766044443118978 1.4088320528055172
0.766044443118978 0.0 0.6427876096865394 1.4088320528055174
4.6906693763513654e-17 0.766044443118978 0.6427876096865394 1.4088320528055174
0.8660254037844386 0.0 0.5000000000000001 1.3660254037844388
5.302876193624534e-17 0.8660254037844386 0.5000000000000001 1.3660254037844388
0.9396926207859083 0.0 0.3420201433256688 1.281712764111577
5.753957801139251e-17 0.9396926207859083 0.3420201433256688 1.281712764111577
0.984807753012208 0.0 0.17364817766693041 1.1584559306791384
6.030208312509488e-17 0.984807753012208 0.17364817766693041 1.1584559306791384
1.0 0.0 6.123233995736766e-17 1.0
6.123233995736766e-17 1.0 6.123233995736766e-17 1.0
0.984807753012208 0.0 -0.1736481776669303 0.8111595753452777
6.030208312509488e-17 0.984807753012208 -0.1736481776669303 0.8111595753452778
0.9396926207859084 0.0 -0.3420201433256687 0.5976724774602398
5.753957801139251e-17 0.9396926207859084 -0.3420201433256687 0.5976724774602399
0.8660254037844387 0.0 -0.4999999999999998 0.36602540378443893
5.3028761936245346e-17 0.8660254037844387 -0.4999999999999998 0.366025403784439
0.766044443118978 0.0 -0.6427876096865394 0.12325683343243865
4.6906693763513654e-17 0.766044443118978 -0.6427876096865394 0.12325683343243869
0.6427876096865395 0.0 -0.7660444431189779 -0.12325683343243843
3.935938943670994e-17 0.6427876096865395 -0.7660444431189779 -0.12325683343243839
0.49999999999999994 0.0 -0.8660254037844387 -0.36602540378443876
3.0616169978683824e-17 0.49999999999999994 -0.8660254037844387 -0.3660254037844387
0.3420201433256689 0.0 -0.9396926207859083 -0.5976724774602394
2.0942693688384968e-17 0.3420201433256689 -0.9396926207859083 -0.5976724774602394
0.1736481776669307 0.0 -0.984807753012208 -0.8111595753452774
1.0632884247878878e-17 0.1736481776669307 -0.984807753012208 -0.8111595753452774
1.2246467991473532e-16 0.0 -1.0 -0.9999999999999999
7.498798913309288e-33 1.2246467991473532e-16 -1.0 -0.9999999999999999
-0.17364817766693003 -0.0 -0.9848077530122081 -1.1584559306791382
-1.0632884247878838e-17 -0.17364817766693003 -0.9848077530122081 -1.1584559306791382
-0.34202014332566866 -0.0 -0.9396926207859084 -1.281712764111577
-2.0942693688384956e-17 -0.34202014332566866 -0.9396926207859084 -1.281712764111577
-0.4999999999999997 -0.0 -0.8660254037844388 -1.3660254037844386
-3.061616997868381e-17 -0.4999999999999997 -0.8660254037844388 -1.3660254037844386
-0.6427876096865393 -0.0 -0.766044443118978 -1.4088320528055172
-3.9359389436709925e-17 -0.6427876096865393 -0.766044443118978 -1.4088320528055172
-0.7660444431189779 -0.0 -0.6427876096865395 -1.4088320528055174
-4.690669376351365e-17 -0.7660444431189779 -0.6427876096865395 -1.4088320528055174
-0.8660254037844385 -0.0 -0.5000000000000004 -1.3660254037844388
-5.3028761936245333e-17 -0.8660254037844385 -0.5000000000000004 -1.3660254037844388
-0.9396926207859082 -0.0 -0.3420201433256694 -1.2817127641115775
-5.75395780113925e-17 -0.9396926207859082 -0.3420201433256694 -1.2817127641115775
-0.984807753012208 -0.0 -0.17364817766693033 -1.1584559306791384
-6.030208312509488e-17 -0.984807753012208 -0.17364817766693033 -1.1584559306791384
-1.0 -0.0 -1.8369701987210297e-16 -1.0000000000000002
-6.123233995736766e-17 -1.0 -1.8369701987210297e-16 -1.0000000000000002
-0.9848077530122081 -0.0 0.17364817766692997 -0.8111595753452782
-6.030208312509489e-17 -0.9848077530122081 0.17364817766692997 -0.8111595753452783
-0.9396926207859085 -0.0 0.34202014332566816 -0.5976724774602404
-5.753957801139253e-17 -0.9396926207859085 0.34202014332566816 -0.5976724774602405
-0.8660254037844386 -0.0 0.5000000000000001 -0.3660254037844385
-5.302876193624534e-17 -0.8660254037844386 0.5000000000000001 -0.36602540378443854
-0.7660444431189781 -0.0 0.6427876096865393 -0.12325683343243887
-4.690669376351366e-17 -0.7660444431189781 0.6427876096865393 -0.12325683343243891
-0.6427876096865396 -0.0 0.7660444431189778 0.1232568334324382
-3.9359389436709944e-17 -0.6427876096865396 0.7660444431189778 0.12325683343243816
-0.5000000000000004 -0.0 0.8660254037844384 0.36602540378443793
-3.0616169978683855e-17 -0.5000000000000004 0.8660254037844384 0.3660254037844379
-0.34202014332566943 -0.0 0.9396926207859081 0.5976724774602387
-2.0942693688385002e-17 -0.34202014332566943 0.9396926207859081 0.5976724774602387
-0.1736481776669304 -0.0 0.984807753012208 0.8111595753452776
-1.063288424787886e-17 -0.1736481776669304 0.984807753012208 0.8111595753452776
-2.4492935982947064e-16 -0.0 1.0 0.9999999999999998
-1.4997597826618576e-32 -2.4492935982947064e-16 1.0 0.9999999999999998
0.0 0.0 1.0 1.0
-0.0 0.0 1.0 1.0
0.17101007166283433 0.030153689607045803 0.984807753012208 1.1859715142820884
-0.030153689607045796 0.17101007166283433 0.984807753012208 1.1256641350679966
0.33682408883346515 0.0593911746138847 0.9396926207859084 1.3359078842332583
-0.059391174613884684 0.33682408883346515 0.9396926207859084 1.2171255350054888
0.49240387650610395 0.08682408883346515 0.8660254037844387 1.445253369124008
-0.08682408883346514 0.49240387650610395 0.8660254037844387 1.2716051914570776
0.633022221559489 0.11161889704894963 0.766044443118978 1.5106855617274166
-0.11161889704894962 0.633022221559489 0.766044443118978 1.2874477676295173
0.7544065067354889 0.133022221559489 0.6427876096865394 1.5302163379815172
-0.13302222155948898 0.7544065067354889 0.6427876096865394 1.2641718948625393
0.8528685319524432 0.15038373318043527 0.5000000000000001 1.5032522651328786
-0.15038373318043524 0.8528685319524432 0.5000000000000001 1.2024847987720082
0.9254165783983233 0.1631759111665348 0.3420201433256688 1.4306126328905269
-0.16317591116653477 0.9254165783983233 0.3420201433256688 1.1042608105574574
0.9698463103929541 0.17101007166283433 0.17364817766693041 1.3145045597227187
-0.17101007166283433 0.9698463103929541 0.17364817766693041 0.9724844163970502
0.984807753012208 0.17364817766693033 6.123233995736766e-17 1.1584559306791384
-0.1736481776669303 0.984807753012208 6.123233995736766e-17 0.8111595753452778
0.9698463103929541 0.17101007166283433 -0.1736481776669303 0.9672082043888581
-0.17101007166283433 0.9698463103929541 -0.1736481776669303 0.6251880610631895
0.9254165783983234 0.16317591116653482 -0.3420201433256687 0.7465723462391894
-0.1631759111665348 0.9254165783983234 -0.3420201433256687 0.4202205239061198
0.8528685319524433 0.1503837331804353 -0.4999999999999998 0.5032522651328788
-0.15038373318043527 0.8528685319524433 -0.4999999999999998 0.20248479877200823
0.7544065067354889 0.133022221559489 -0.6427876096865394 0.24464111860843862
-0.13302222155948898 0.7544065067354889 -0.6427876096865394 -0.021403324510539418
0.6330222215594892 0.11161889704894967 -0.7660444431189779 -0.021403324510539057
-0.11161889704894966 0.6330222215594892 -0.7660444431189779 -0.2446411186084384
0.49240387650610395 0.08682408883346515 -0.8660254037844387 -0.2867974384448696
-0.08682408883346514 0.49240387650610395 -0.8660254037844387 -0.4604456161117999
0.3368240888334653 0.059391174613884726 -0.9396926207859083 -0.5434773573385583
-0.05939117461388472 0.3368240888334653 -0.9396926207859083 -0.6622597065663277
0.1710100716628347 0.030153689607045866 -0.984807753012208 -0.7836439917423275
-0.03015368960704586 0.1710100716628347 -0.984807753012208 -0.8439513709564193
1.2060416625018976e-16 2.1265768495757713e-17 -1.0 -0.9999999999999999
-2.126576849575771e-17 1.2060416625018976e-16 -1.0 -0.9999999999999999
-0.17101007166283405 -0.030153689607045748 -0.9848077530122081 -1.185971514282088
0.030153689607045744 -0.17101007166283405 -0.9848077530122081 -1.1256641350679963
-0.3368240888334651 -0.059391174613884684 -0.9396926207859084 -1.3359078842332581
0.05939117461388468 -0.3368240888334651 -0.9396926207859084 -1.2171255350054888
-0.49240387650610373 -0.08682408883346512 -0.8660254037844388 -1.4452533691240077
0.08682408883346511 -0.49240387650610373 -0.8660254037844388 -1.2716051914570774
-0.633022221559489 -0.11161889704894963 -0.766044443118978 -1.5106855617274166
0.11161889704894962 -0.633022221559489 -0.766044443118978 -1.2874477676295173
-0.7544065067354888 -0.13302222155948898 -0.6427876096865395 -1.5302163379815172
0.13302222155948895 -0.7544065067354888 -0.6427876096865395 -1.2641718948625393
-0.852868531952443 -0.15038373318043524 -0.5000000000000004 -1.5032522651328786
0.15038373318043524 -0.852868531952443 -0.5000000000000004 -1.2024847987720082
-0.9254165783983231 -0.16317591116653477 -0.3420201433256694 -1.4306126328905273
0.16317591116653477 -0.9254165783983231 -0.3420201433256694 -1.1042608105574578
-0.9698463103929541 -0.17101007166283433 -0.17364817766693033 -1.3145045597227187
0.17101007166283433 -0.9698463103929541 -0.17364817766693033 -0.9724844163970502
-0.984807753012208 -0.17364817766693033 -1.8369701987210297e-16 -1.1584559306791387
0.1736481776669303 -0.984807753012208 -1.8369701987210297e-16 -0.8111595753452779
-0.9698463103929542 -0.17101007166283436 0.17364817766692997 -0.9672082043888586
0.17101007166283433 -0.9698463103929542 0.17364817766692997 -0.6251880610631899
-0.9254165783983235 -0.16317591116653485 0.34202014332566816 -0.7465723462391902
0.16317591116653482 -0.9254165783983235 0.34202014332566816 -0.4202205239061204
-0.8528685319524432 -0.15038373318043527 0.5000000000000001 -0.5032522651328784
0.15038373318043524 -0.8528685319524432 0.5000000000000001 -0.2024847987720078
-0.754406506735489 -0.133022221559489 0.6427876096865393 -0.24464111860843873
0.133022221559489 -0.754406506735489 0.6427876096865393 0.021403324510539223
-0.6330222215594893 -0.1116188970489497 0.7660444431189778 0.021403324510538835
0.11161889704894967 -0.6330222215594893 0.7660444431189778 0.24464111860843818
-0.49240387650610445 -0.08682408883346525 0.8660254037844384 0.28679743844486866
0.08682408883346523 -0.49240387650610445 0.8660254037844384 0.4604456161117991
-0.3368240888334659 -0.05939117461388482 0.9396926207859081 0.5434773573385574
0.059391174613884816 -0.3368240888334659 0.9396926207859081 0.662259706566327
-0.17101007166283438 -0.03015368960704581 0.984807753012208 0.7836439917423279
0.030153689607045807 -0.17101007166283438 0.984807753012208 0.8439513709564195
-2.412083325003795e-16 -4.2531536991515426e-17 1.0 0.9999999999999998
4.253153699151542e-17 -2.412083325003795e-16 1.0 0.9999999999999998
0.0 0.0 1.0 1.0
-0.0 0.0 1.0 1.0
0.16317591116653482 0.0593911746138847 0.984807753012208 1.2073748387926275
-0.0593911746138847 0.16317591116653482 0.984807753012208 1.0885924895648582
0.3213938048432697 0.11697777844051097 0.9396926207859084 1.378064204069689
-0.11697777844051097 0.3213938048432697 0.9396926207859084 1.144108647188667
0.46984631039295416 0.17101007166283433 0.8660254037844387 1.5068817858402273
-0.17101007166283433 0.46984631039295416 0.8660254037844387 1.1648616425145586
0.6040227735550536 0.21984631039295416 0.766044443118978 1.5899135270669857
-0.21984631039295416 0.6040227735550536 0.766044443118978 1.1502209062810775
0.7198463103929542 0.2620026302293849 0.6427876096865394 1.6246365503088784
-0.2620026302293849 0.7198463103929542 0.6427876096865394 1.1006312898501087
0.8137976813493737 0.2961981327260238 0.5000000000000001 1.6099958140753976
-0.2961981327260238 0.8137976813493737 0.5000000000000001 1.01759954862335
0.883022221559489 0.3213938048432696 0.3420201433256688 1.5464361697284275
-0.3213938048432696 0.883022221559489 0.3420201433256688 0.9036485600418882
0.9254165783983234 0.33682408883346515 0.17364817766693041 1.4358888448987188
-0.33682408883346515 0.9254165783983234 0.17364817766693041 0.7622406672317886
0.9396926207859084 0.3420201433256687 6.123233995736766e-17 1.2817127641115773
-0.3420201433256687 0.9396926207859084 6.123233995736766e-17 0.5976724774602398
0.9254165783983234 0.33682408883346515 -0.1736481776669303 1.0885924895648582
-0.33682408883346515 0.9254165783983234 -0.1736481776669303 0.4149443118979279
0.8830222215594891 0.3213938048432697 -0.3420201433256687 0.86239588307709
-0.3213938048432697 0.8830222215594891 -0.3420201433256687 0.2196082733905506
0.8137976813493738 0.29619813272602386 -0.4999999999999998 0.6099958140753978
-0.29619813272602386 0.8137976813493738 -0.4999999999999998 0.01759954862335017
0.7198463103929542 0.2620026302293849 -0.6427876096865394 0.33906133093579977
-0.2620026302293849 0.7198463103929542 -0.6427876096865394 -0.18494392952297006
0.6040227735550538 0.21984631039295424 -0.7660444431189779 0.05782464082903016
-0.21984631039295424 0.6040227735550538 -0.7660444431189779 -0.38186797995687827
0.46984631039295416 0.17101007166283433 -0.8660254037844387 -0.22516902172865022
-0.17101007166283433 0.46984631039295416 -0.8660254037844387 -0.5671891650543188
0.3213938048432698 0.11697777844051102 -0.9396926207859083 -0.5013210375021275
-0.11697777844051102 0.3213938048432698 -0.9396926207859083 -0.7352765943831496
0.16317591116653515 0.05939117461388482 -0.984807753012208 -0.7622406672317881
-0.05939117461388482 0.16317591116653515 -0.984807753012208 -0.8810230164595576
1.1507915602278503e-16 4.188538737676992e-17 -1.0 -0.9999999999999999
-4.188538737676992e-17 1.1507915602278503e-16 -1.0 -0.9999999999999999
-0.16317591116653454 -0.059391174613884594 -0.9848077530122081 -1.2073748387926273
0.059391174613884594 -0.16317591116653454 -0.9848077530122081 -1.088592489564858
-0.3213938048432696 -0.11697777844051095 -0.9396926207859084 -1.378064204069689
0.11697777844051095 -0.3213938048432696 -0.9396926207859084 -1.144108647188667
-0.46984631039295394 -0.17101007166283427 -0.8660254037844388 -1.506881785840227
0.17101007166283427 -0.46984631039295394 -0.8660254037844388 -1.1648616425145586
-0.6040227735550536 -0.21984631039295416 -0.766044443118978 -1.5899135270669857
0.21984631039295416 -0.6040227735550536 -0.766044443118978 -1.1502209062810775
-0.7198463103929541 -0.2620026302293849 -0.6427876096865395 -1.6246365503088787
0.2620026302293849 -0.7198463103929541 -0.6427876096865395 -1.1006312898501087
-0.8137976813493736 -0.29619813272602374 -0.5000000000000004 -1.6099958140753978
0.29619813272602374 -0.8137976813493736 -0.5000000000000004 -1.0175995486233502
-0.8830222215594888 -0.32139380484326957 -0.3420201433256694 -1.5464361697284277
0.32139380484326957 -0.8830222215594888 -0.3420201433256694 -0.9036485600418886
-0.9254165783983234 -0.33682408883346515 -0.17364817766693033 -1.4358888448987188
0.33682408883346515 -0.9254165783983234 -0.17364817766693033 -0.7622406672317886
-0.9396926207859084 -0.3420201433256687 -1.8369701987210297e-16 -1.2817127641115773
0.3420201433256687 -0.9396926207859084 -1.8369701987210297e-16 -0.59767247746024
-0.9254165783983235 -0.33682408883346515 0.17364817766692997 -1.0885924895648587
0.33682408883346515 -0.9254165783983235 0.17364817766692997 -0.41494431189792835
-0.8830222215594892 -0.3213938048432697 0.34202014332566816 -0.8623958830770907
0.3213938048432697 -0.8830222215594892 0.34202014332566816 -0.21960827339055128
-0.8137976813493737 -0.2961981327260238 0.5000000000000001 -0.6099958140753974
0.2961981327260238 -0.8137976813493737 0.5000000000000001 -0.01759954862334978
-0.7198463103929543 -0.26200263022938497 0.6427876096865393 -0.33906133093580004
0.26200263022938497 -0.7198463103929543 0.6427876096865393 0.1849439295229699
-0.604022773555054 -0.21984631039295427 0.7660444431189778 -0.057824640829030494
0.21984631039295427 -0.604022773555054 0.7660444431189778 0.3818679799568781
-0.46984631039295466 -0.1710100716628345 0.8660254037844384 0.22516902172864928
0.1710100716628345 -0.46984631039295466 0.8660254037844384 0.5671891650543182
-0.32139380484327035 -0.11697777844051122 0.9396926207859081 0.5013210375021266
0.11697777844051122 -0.32139380484327035 0.9396926207859081 0.735276594383149
-0.16317591116653488 -0.05939117461388472 0.984807753012208 0.7622406672317884
0.05939117461388472 -0.16317591116653488 0.984807753012208 0.8810230164595579
-2.3015831204557005e-16 -8.377077475353984e-17 1.0 0.9999999999999997
8.377077475353984e-17 -2.3015831204557005e-16 1.0 0.9999999999999999
0.0 0.0 1.0 1.0
-0.0 0.0 1.0 1.0
0.1503837331804353 0.08682408883346515 0.984807753012208 1.2220155750261084
-0.08682408883346512 0.1503837331804353 0.984807753012208 1.0483673973591783
0.29619813272602386 0.17101007166283433 0.9396926207859084 1.4069008251747666
-0.17101007166283427 0.29619813272602386 0.9396926207859084 1.0648806818490981
0.4330127018922193 0.24999999999999994 0.8660254037844387 1.549038105676658
-0.24999999999999986 0.4330127018922193 0.8660254037844387 1.0490381056766582
0.5566703992264194 0.32139380484326957 0.766044443118978 1.6441086471886668
-0.32139380484326946 0.5566703992264194 0.766044443118978 1.001321037502128
0.6634139481689384 0.38302222155948895 0.6427876096865394 1.6892237794149665
-0.38302222155948884 0.6634139481689384 0.6427876096865394 0.9231793362959889
0.75 0.43301270189221924 0.5000000000000001 1.6830127018922194
-0.43301270189221913 0.75 0.5000000000000001 0.8169872981077808
0.8137976813493737 0.4698463103929541 0.3420201433256688 1.6256641350679966
-0.46984631039295394 0.8137976813493737 0.3420201433256688 0.6859715142820886
0.8528685319524433 0.49240387650610395 0.17364817766693041 1.5189205861254775
-0.4924038765061038 0.8528685319524433 0.17364817766693041 0.5341128331132698
0.8660254037844387 0.49999999999999994 6.123233995736766e-17 1.3660254037844388
-0.4999999999999998 0.8660254037844387 6.123233995736766e-17 0.36602540378443904
0.8528685319524433 0.49240387650610395 -0.1736481776669303 1.171624230791617
-0.4924038765061038 0.8528685319524433 -0.1736481776669303 0.18681647777940918
0.8137976813493738 0.46984631039295416 -0.3420201433256687 0.9416238484166592
-0.469846310392954 0.8137976813493738 -0.3420201433256687 0.0019312276307510978
0.7500000000000001 0.4330127018922193 -0.4999999999999998 0.6830127018922196
-0.4330127018922192 0.7500000000000001 -0.4999999999999998 -0.18301270189221885
0.6634139481689384 0.38302222155948895 -0.6427876096865394 0.403648560041888
-0.38302222155948884 0.6634139481689384 -0.6427876096865394 -0.3623958830770898
0.5566703992264196 0.3213938048432697 -0.7660444431189779 0.11201976095071137
-0.32139380484326957 0.5566703992264196 -0.7660444431189779 -0.5307678487358278
0.4330127018922193 0.24999999999999994 -0.8660254037844387 -0.18301270189221952
-0.24999999999999986 0.4330127018922193 -0.8660254037844387 -0.6830127018922193
0.29619813272602397 0.1710100716628344 -0.9396926207859083 -0.4724844163970499
-0.17101007166283436 0.29619813272602397 -0.9396926207859083 -0.8145045597227186
0.1503837331804356 0.08682408883346533 -0.984807753012208 -0.747599930998307
-0.0868240888334653 0.1503837331804356 -0.984807753012208 -0.9212481086652377
1.0605752387249069e-16 6.123233995736765e-17 -1.0 -0.9999999999999998
-6.123233995736764e-17 1.0605752387249069e-16 -1.0 -1.0
-0.15038373318043502 -0.086824088833465 -0.9848077530122081 -1.2220155750261081
0.08682408883346497 -0.15038373318043502 -0.9848077530122081 -1.048367397359178
-0.2961981327260238 -0.1710100716628343 -0.9396926207859084 -1.4069008251747666
0.17101007166283425 -0.2961981327260238 -0.9396926207859084 -1.0648806818490981
-0.43301270189221913 -0.24999999999999983 -0.8660254037844388 -1.5490381056766578
0.24999999999999975 -0.43301270189221913 -0.8660254037844388 -1.0490381056766582
-0.5566703992264194 -0.32139380484326957 -0.766044443118978 -1.6441086471886668
0.32139380484326946 -0.5566703992264194 -0.766044443118978 -1.001321037502128
-0.6634139481689383 -0.3830222215594889 -0.6427876096865395 -1.6892237794149667
0.3830222215594888 -0.6634139481689383 -0.6427876096865395 -0.923179336295989
-0.7499999999999999 -0.4330127018922192 -0.5000000000000004 -1.6830127018922196
0.4330127018922191 -0.7499999999999999 -0.5000000000000004 -0.8169872981077814
-0.8137976813493736 -0.46984631039295405 -0.3420201433256694 -1.625664135067997
0.4698463103929539 -0.8137976813493736 -0.3420201433256694 -0.6859715142820891
-0.8528685319524433 -0.49240387650610395 -0.17364817766693033 -1.5189205861254775
0.4924038765061038 -0.8528685319524433 -0.17364817766693033 -0.5341128331132698
-0.8660254037844387 -0.49999999999999994 -1.8369701987210297e-16 -1.3660254037844388
0.4999999999999998 -0.8660254037844387 -1.8369701987210297e-16 -0.36602540378443915
-0.8528685319524434 -0.492403876506104 0.17364817766692997 -1.1716242307916174
0.49240387650610384 -0.8528685319524434 0.17364817766692997 -0.18681647777940957
-0.8137976813493739 -0.4698463103929542 0.34202014332566816 -0.9416238484166599
0.46984631039295405 -0.8137976813493739 0.34202014332566816 -0.0019312276307517084
-0.75 -0.43301270189221924 0.5000000000000001 -0.6830127018922192
0.43301270189221913 -0.75 0.5000000000000001 0.18301270189221924
-0.6634139481689385 -0.383022221559489 0.6427876096865393 -0.40364856004188826
0.3830222215594889 -0.6634139481689385 0.6427876096865393 0.36239588307708964
-0.5566703992264196 -0.32139380484326974 0.7660444431189778 -0.11201976095071153
0.3213938048432696 -0.5566703992264196 0.7660444431189778 0.5307678487358278
-0.43301270189221974 -0.25000000000000017 0.8660254037844384 0.1830127018922184
0.2500000000000001 -0.43301270189221974 0.8660254037844384 0.6830127018922187
-0.29619813272602447 -0.1710100716628347 0.9396926207859081 0.47248441639704897
0.17101007166283463 -0.29619813272602447 0.9396926207859081 0.8145045597227183
-0.15038373318043535 -0.08682408883346518 0.984807753012208 0.7475999309983075
0.08682408883346515 -0.15038373318043535 0.984807753012208 0.9212481086652379
-2.1211504774498138e-16 -1.224646799147353e-16 1.0 0.9999999999999997
1.2246467991473527e-16 -2.1211504774498138e-16 1.0 0.9999999999999999
0.0 0.0 1.0 1.0
-0.0 0.0 1.0 1.0
0.133022221559489 0.11161889704894963 0.984807753012208 1.2294488716206466
-0.11161889704894966 0.133022221559489 0.984807753012208 1.0062110775227475
0.2620026302293849 0.21984631039295416 0.9396926207859084 1.4215415614082476
-0.2198463103929542 0.2620026302293849 0.9396926207859084 0.9818489406223392
0.38302222155948895 0.32139380484326957 0.8660254037844387 1.5704414301871972
-0.3213938048432696 0.38302222155948895 0.8660254037844387 0.9276538205006581
0.49240387650610395 0.41317591116653474 0.766044443118978 1.671624230791617
-0.4131759111665348 0.49240387650610395 0.766044443118978 0.8452724084585472
0.5868240888334652 0.49240387650610395 0.6427876096865394 1.7220155750261084
-0.49240387650610407 0.5868240888334652 0.6427876096865394 0.7372078220139004
0.6634139481689384 0.5566703992264193 0.5000000000000001 1.7200843473953578
-0.5566703992264194 0.6634139481689384 0.5000000000000001 0.6067435489425191
0.7198463103929541 0.6040227735550536 0.3420201433256688 1.6658892272736767
-0.6040227735550536 0.7198463103929541 0.3420201433256688 0.45784368016356924
0.7544065067354889 0.633022221559489 0.17364817766693041 1.5610769059619083
-0.6330222215594891 0.7544065067354889 0.17364817766693041 0.2950324628429303
0.766044443118978 0.6427876096865393 6.123233995736766e-17 1.4088320528055174
-0.6427876096865394 0.766044443118978 6.123233995736766e-17 0.12325683343243876
0.7544065067354889 0.633022221559489 -0.1736481776669303 1.2137805506280475
-0.6330222215594891 0.7544065067354889 -0.1736481776669303 -0.05226389249093044
0.7198463103929542 0.6040227735550536 -0.3420201433256687 0.9818489406223392
-0.6040227735550537 0.7198463103929542 -0.3420201433256687 -0.22619660648776824
0.6634139481689384 0.5566703992264194 -0.4999999999999998 0.720084347395358
-0.5566703992264195 0.6634139481689384 -0.4999999999999998 -0.39325645105748086
0.5868240888334652 0.49240387650610395 -0.6427876096865394 0.43644035565302974
-0.49240387650610407 0.5868240888334652 -0.6427876096865394 -0.5483673973591783
0.4924038765061041 0.41317591116653485 -0.7660444431189779 0.13953534455366107
-0.41317591116653496 0.4924038765061041 -0.7660444431189779 -0.6868164777794088
0.38302222155948895 0.32139380484326957 -0.8660254037844387 -0.16160937738168024
-0.3213938048432696 0.38302222155948895 -0.8660254037844387 -0.8043969870682194
0.2620026302293851 0.21984631039295427 -0.9396926207859083 -0.4578436801635689
-0.2198463103929543 0.2620026302293851 -0.9396926207859083 -0.8975363009494776
0.13302222155948928 0.11161889704894987 -0.984807753012208 -0.7401666344037688
-0.11161889704894988 0.13302222155948928 -0.984807753012208 -0.9634044285016686
9.381338752702731e-17 7.871877887341985e-17 -1.0 -0.9999999999999998
-7.871877887341986e-17 9.381338752702731e-17 -1.0 -1.0
-0.13302222155948876 -0.11161889704894944 -0.9848077530122081 -1.2294488716206462
0.11161889704894946 -0.13302222155948876 -0.9848077530122081 -1.0062110775227473
-0.2620026302293849 -0.21984631039295413 -0.9396926207859084 -1.4215415614082476
0.21984631039295416 -0.2620026302293849 -0.9396926207859084 -0.9818489406223392
-0.3830222215594888 -0.32139380484326946 -0.8660254037844388 -1.570441430187197
0.3213938048432695 -0.3830222215594888 -0.8660254037844388 -0.927653820500658
-0.49240387650610395 -0.41317591116653474 -0.766044443118978 -1.671624230791617
0.4131759111665348 -0.49240387650610395 -0.766044443118978 -0.8452724084585472
-0.586824088833465 -0.4924038765061039 -0.6427876096865395 -1.7220155750261084
0.49240387650610395 -0.586824088833465 -0.6427876096865395 -0.7372078220139006
-0.6634139481689383 -0.5566703992264191 -0.5000000000000004 -1.7200843473953578
0.5566703992264193 -0.6634139481689383 -0.5000000000000004 -0.6067435489425195
-0.719846310392954 -0.6040227735550535 -0.3420201433256694 -1.665889227273677
0.6040227735550536 -0.719846310392954 -0.3420201433256694 -0.4578436801635697
-0.7544065067354889 -0.633022221559489 -0.17364817766693033 -1.561076905961908
0.6330222215594891 -0.7544065067354889 -0.17364817766693033 -0.29503246284293017
-0.766044443118978 -0.6427876096865393 -1.8369701987210297e-16 -1.4088320528055176
0.6427876096865394 -0.766044443118978 -1.8369701987210297e-16 -0.12325683343243887
-0.754406506735489 -0.633022221559489 0.17364817766692997 -1.213780550628048
0.6330222215594891 -0.754406506735489 0.17364817766692997 0.05226389249093
-0.7198463103929543 -0.6040227735550537 0.34202014332566816 -0.9818489406223398
0.6040227735550538 -0.7198463103929543 0.34202014332566816 0.22619660648776768
-0.6634139481689384 -0.5566703992264193 0.5000000000000001 -0.7200843473953575
0.5566703992264194 -0.6634139481689384 0.5000000000000001 0.3932564510574811
-0.5868240888334653 -0.492403876506104 0.6427876096865393 -0.43644035565303
0.4924038765061041 -0.5868240888334653 0.6427876096865393 0.548367397359178
-0.49240387650610423 -0.41317591116653496 0.7660444431189778 -0.1395353445536614
0.413175911166535 -0.49240387650610423 0.7660444431189778 0.6868164777794086
-0.38302222155948934 -0.3213938048432699 0.8660254037844384 0.1616093773816792
0.32139380484326996 -0.38302222155948934 0.8660254037844384 0.804396987068219
-0.26200263022938547 -0.21984631039295463 0.9396926207859081 0.45784368016356797
0.21984631039295466 -0.26200263022938547 0.9396926207859081 0.8975363009494772
-0.13302222155948903 -0.11161889704894967 0.984807753012208 0.7401666344037693
0.11161889704894969 -0.13302222155948903 0.984807753012208 0.9634044285016686
-1.8762677505405462e-16 -1.574375577468397e-16 1.0 0.9999999999999997
1.5743755774683973e-16 -1.8762677505405462e-16 1.0 0.9999999999999999
0.0 0.0 1.0 1.0
-0.0 0.0 1.0 1.0
0.11161889704894966 0.133022221559489 0.984807753012208 1.2294488716206466
-0.13302222155948898 0.11161889704894967 0.984807753012208 0.9634044285016687
0.2198463103929542 0.2620026302293849 0.9396926207859084 1.4215415614082476
-0.2620026302293849 0.21984631039295424 0.9396926207859084 0.8975363009494777
0.3213938048432696 0.38302222155948895 0.8660254037844387 1.5704414301871974
-0.3830222215594889 0.3213938048432697 0.8660254037844387 0.8043969870682195
0.4131759111665348 0.49240387650610395 0.766044443118978 1.6716242307916167
-0.4924038765061039 0.41317591116653485 0.766044443118978 0.686816477779409
0.49240387650610407 0.5868240888334652 0.6427876096865394 1.7220155750261086
-0.586824088833465 0.4924038765061041 0.6427876096865394 0.5483673973591785
0.5566703992264194 0.6634139481689384 0.5000000000000001 1.7200843473953578
-0.6634139481689383 0.5566703992264195 0.5000000000000001 0.3932564510574812
0.6040227735550536 0.7198463103929541 0.3420201433256688 1.6658892272736765
-0.719846310392954 0.6040227735550537 0.3420201433256688 0.22619660648776851
0.6330222215594891 0.7544065067354889 0.17364817766693041 1.5610769059619085
-0.7544065067354888 0.6330222215594892 0.17364817766693041 0.052263892490930774
0.6427876096865394 0.766044443118978 6.123233995736766e-17 1.4088320528055176
-0.7660444431189779 0.6427876096865395 6.123233995736766e-17 -0.12325683343243832
0.6330222215594891 0.7544065067354889 -0.1736481776669303 1.2137805506280477
-0.7544065067354888 0.6330222215594892 -0.1736481776669303 -0.29503246284292994
0.6040227735550537 0.7198463103929542 -0.3420201433256687 0.9818489406223392
-0.7198463103929541 0.6040227735550538 -0.3420201433256687 -0.45784368016356897
0.5566703992264195 0.6634139481689384 -0.4999999999999998 0.7200843473953581
-0.6634139481689383 0.5566703992264196 -0.4999999999999998 -0.6067435489425185
0.49240387650610407 0.5868240888334652 -0.6427876096865394 0.43644035565302985
-0.586824088833465 0.4924038765061041 -0.6427876096865394 -0.7372078220139002
0.41317591116653496 0.4924038765061041 -0.7660444431189779 0.13953534455366118
-0.49240387650610407 0.413175911166535 -0.7660444431189779 -0.845272408458547
0.3213938048432696 0.38302222155948895 -0.8660254037844387 -0.16160937738168013
-0.3830222215594889 0.3213938048432697 -0.8660254037844387 -0.9276538205006579
0.2198463103929543 0.2620026302293851 -0.9396926207859083 -0.4578436801635689
-0.262002630229385 0.21984631039295432 -0.9396926207859083 -0.981848940622339
0.11161889704894988 0.13302222155948928 -0.984807753012208 -0.7401666344037688
-0.13302222155948926 0.11161889704894991 -0.984807753012208 -1.0062110775227473
7.871877887341986e-17 9.381338752702731e-17 -1.0 -0.9999999999999998
-9.38133875270273e-17 7.871877887341988e-17 -1.0 -1.0
-0.11161889704894946 -0.13302222155948876 -0.9848077530122081 -1.2294488716206464
0.13302222155948876 -0.11161889704894948 -0.9848077530122081 -0.963404428501669
-0.21984631039295416 -0.2620026302293849 -0.9396926207859084 -1.4215415614082476
0.26200263022938486 -0.2198463103929542 -0.9396926207859084 -0.8975363009494778
-0.3213938048432695 -0.3830222215594888 -0.8660254037844388 -1.5704414301871972
0.38302222155948873 -0.32139380484326957 -0.8660254037844388 -0.8043969870682197
-0.4131759111665348 -0.49240387650610395 -0.766044443118978 -1.6716242307916167
0.4924038765061039 -0.41317591116653485 -0.766044443118978 -0.686816477779409
-0.49240387650610395 -0.586824088833465 -0.6427876096865395 -1.7220155750261084
0.5868240888334649 -0.49240387650610407 -0.6427876096865395 -0.5483673973591786
-0.5566703992264193 -0.6634139481689383 -0.5000000000000004 -1.720084347395358
0.6634139481689382 -0.5566703992264194 -0.5000000000000004 -0.39325645105748175
-0.6040227735550536 -0.719846310392954 -0.3420201433256694 -1.665889227273677
0.7198463103929539 -0.6040227735550537 -0.3420201433256694 -0.2261966064877693
-0.6330222215594891 -0.7544065067354889 -0.17364817766693033 -1.5610769059619083
0.7544065067354888 -0.6330222215594892 -0.17364817766693033 -0.052263892490930663
-0.6427876096865394 -0.766044443118978 -1.8369701987210297e-16 -1.4088320528055176
0.7660444431189779 -0.6427876096865395 -1.8369701987210297e-16 0.1232568334324382
-0.6330222215594891 -0.754406506735489 0.17364817766692997 -1.2137805506280481
0.7544065067354889 -0.6330222215594892 0.17364817766692997 0.2950324628429297
-0.6040227735550538 -0.7198463103929543 0.34202014332566816 -0.9818489406223401
0.7198463103929542 -0.604022773555054 0.34202014332566816 0.4578436801635684
-0.5566703992264194 -0.6634139481689384 0.5000000000000001 -0.7200843473953576
0.6634139481689383 -0.5566703992264195 0.5000000000000001 0.6067435489425189
-0.4924038765061041 -0.5868240888334653 0.6427876096865393 -0.43644035565303013
0.5868240888334652 -0.4924038765061042 0.6427876096865393 0.7372078220139002
-0.413175911166535 -0.49240387650610423 0.7660444431189778 -0.13953534455366146
0.4924038765061041 -0.41317591116653507 0.7660444431189778 0.8452724084585468
-0.32139380484326996 -0.38302222155948934 0.8660254037844384 0.16160937738167908
0.3830222215594893 -0.32139380484327 0.8660254037844384 0.9276538205006576
-0.21984631039295466 -0.26200263022938547 0.9396926207859081 0.4578436801635679
0.26200263022938547 -0.21984631039295469 0.9396926207859081 0.981848940622339
-0.11161889704894969 -0.13302222155948903 0.984807753012208 0.7401666344037693
0.13302222155948903 -0.11161889704894971 0.984807753012208 1.0062110775227473
-1.5743755774683973e-16 -1.8762677505405462e-16 1.0 0.9999999999999997
1.876267750540546e-16 -1.5743755774683975e-16 1.0 1.0
0.0 0.0 1.0 1.0
-0.0 0.0 1.0 1.0
0.08682408883346518 0.15038373318043527 0.984807753012208 1.2220155750261086
-0.1503837331804353 0.08682408883346515 0.984807753012208 0.9212481086652379
0.17101007166283438 0.2961981327260238 0.9396926207859084 1.4069008251747668
-0.29619813272602386 0.17101007166283433 0.9396926207859084 0.8145045597227187
0.25 0.43301270189221924 0.8660254037844387 1.549038105676658
-0.4330127018922193 0.24999999999999994 0.8660254037844387 0.6830127018922193
0.3213938048432697 0.5566703992264193 0.766044443118978 1.644108647188667
-0.5566703992264194 0.32139380484326957 0.766044443118978 0.5307678487358282
0.3830222215594891 0.6634139481689384 0.6427876096865394 1.689223779414967
-0.6634139481689384 0.38302222155948895 0.6427876096865394 0.3623958830770898
0.4330127018922194 0.7499999999999999 0.5000000000000001 1.6830127018922194
-0.75 0.43301270189221924 0.5000000000000001 0.1830127018922194
0.46984631039295427 0.8137976813493736 0.3420201433256688 1.6256641350679966
-0.8137976813493737 0.4698463103929541 0.3420201433256688 -0.0019312276307508203
0.4924038765061041 0.8528685319524432 0.17364817766693041 1.5189205861254775
-0.8528685319524433 0.49240387650610395 0.17364817766693041 -0.1868164777794089
0.5000000000000001 0.8660254037844386 6.123233995736766e-17 1.3660254037844388
-0.8660254037844387 0.49999999999999994 6.123233995736766e-17 -0.3660254037844387
0.4924038765061041 0.8528685319524432 -0.1736481776669303 1.171624230791617
-0.8528685319524433 0.49240387650610395 -0.1736481776669303 -0.5341128331132696
0.4698463103929543 0.8137976813493737 -0.3420201433256687 0.9416238484166592
-0.8137976813493738 0.46984631039295416 -0.3420201433256687 -0.6859715142820884
0.43301270189221946 0.75 -0.4999999999999998 0.6830127018922196
-0.7500000000000001 0.4330127018922193 -0.4999999999999998 -0.8169872981077806
0.3830222215594891 0.6634139481689384 -0.6427876096865394 0.40364856004188815
-0.6634139481689384 0.38302222155948895 -0.6427876096865394 -0.9231793362959888
0.3213938048432698 0.5566703992264195 -0.7660444431189779 0.11201976095071137
-0.5566703992264196 0.3213938048432697 -0.7660444431189779 -1.0013210375021278
0.25 0.43301270189221924 -0.8660254037844387 -0.18301270189221946
-0.4330127018922193 0.24999999999999994 -0.8660254037844387 -1.049038105676658
0.17101007166283447 0.29619813272602397 -0.9396926207859083 -0.47248441639704986
-0.29619813272602397 0.1710100716628344 -0.9396926207859083 -1.064880681849098
0.08682408883346536 0.15038373318043557 -0.984807753012208 -0.7475999309983071
-0.1503837331804356 0.08682408883346533 -0.984807753012208 -1.0483673973591783
6.123233995736767e-17 1.0605752387249068e-16 -1.0 -0.9999999999999998
-1.0605752387249069e-16 6.123233995736765e-17 -1.0 -1.0
-0.08682408883346503 -0.15038373318043502 -0.9848077530122081 -1.2220155750261081
0.15038373318043502 -0.086824088833465 -0.9848077530122081 -0.9212481086652382
-0.17101007166283436 -0.29619813272602374 -0.9396926207859084 -1.4069008251747666
0.2961981327260238 -0.1710100716628343 -0.9396926207859084 -0.8145045597227188
-0.24999999999999992 -0.4330127018922191 -0.8660254037844388 -1.549038105676658
0.43301270189221913 -0.24999999999999983 -0.8660254037844388 -0.6830127018922194
-0.3213938048432697 -0.5566703992264193 -0.766044443118978 -1.644108647188667
0.5566703992264194 -0.32139380484326957 -0.766044443118978 -0.5307678487358282
-0.38302222155948906 -0.6634139481689383 -0.6427876096865395 -1.689223779414967
0.6634139481689383 -0.3830222215594889 -0.6427876096865395 -0.36239588307709014
-0.43301270189221935 -0.7499999999999998 -0.5000000000000004 -1.6830127018922196
0.7499999999999999 -0.4330127018922192 -0.5000000000000004 -0.18301270189221974
-0.4698463103929542 -0.8137976813493735 -0.3420201433256694 -1.625664135067997
0.8137976813493736 -0.46984631039295405 -0.3420201433256694 0.0019312276307501541
-0.4924038765061041 -0.8528685319524432 -0.17364817766693033 -1.5189205861254775
0.8528685319524433 -0.49240387650610395 -0.17364817766693033 0.18681647777940902
-0.5000000000000001 -0.8660254037844386 -1.8369701987210297e-16 -1.3660254037844388
0.8660254037844387 -0.49999999999999994 -1.8369701987210297e-16 0.3660254037844386
-0.4924038765061042 -0.8528685319524433 0.17364817766692997 -1.1716242307916174
0.8528685319524434 -0.492403876506104 0.17364817766692997 0.5341128331132694
-0.4698463103929544 -0.8137976813493738 0.34202014332566816 -0.94162384841666
0.8137976813493739 -0.4698463103929542 0.34202014332566816 0.6859715142820879
-0.4330127018922194 -0.7499999999999999 0.5000000000000001 -0.6830127018922192
0.75 -0.43301270189221924 0.5000000000000001 0.8169872981077808
-0.3830222215594892 -0.6634139481689384 0.6427876096865393 -0.4036485600418883
0.6634139481689385 -0.383022221559489 0.6427876096865393 0.9231793362959888
-0.32139380484326985 -0.5566703992264196 0.7660444431189778 -0.11201976095071164
0.5566703992264196 -0.32139380484326974 0.7660444431189778 1.0013210375021275
-0.2500000000000003 -0.4330127018922197 0.8660254037844384 0.1830127018922184
0.43301270189221974 -0.25000000000000017 0.8660254037844384 1.049038105676658
-0.17101007166283475 -0.2961981327260244 0.9396926207859081 0.47248441639704886
0.29619813272602447 -0.1710100716628347 0.9396926207859081 1.064880681849098
-0.08682408883346521 -0.15038373318043533 0.984807753012208 0.7475999309983075
0.15038373318043535 -0.08682408883346518 0.984807753012208 1.0483673973591783
-1.2246467991473535e-16 -2.1211504774498136e-16 1.0 0.9999999999999997
2.1211504774498138e-16 -1.224646799147353e-16 1.0 1.0
0.0 0.0 1.0 1.0
-0.0 0.0 1.0 1.0
0.05939117461388472 0.1631759111665348 0.984807753012208 1.2073748387926275
-0.1631759111665348 0.059391174613884726 0.984807753012208 0.881023016459558
0.11697777844051101 0.3213938048432696 0.9396926207859084 1.378064204069689
-0.3213938048432696 0.11697777844051102 0.9396926207859084 0.7352765943831499
0.17101007166283438 0.4698463103929541 0.8660254037844387 1.5068817858402273
-0.4698463103929541 0.1710100716628344 0.8660254037844387 0.5671891650543189
0.21984631039295421 0.6040227735550536 0.766044443118978 1.589913527066986
-0.6040227735550536 0.21984631039295427 0.766044443118978 0.3818679799568787
0.262002630229385 0.7198463103929541 0.6427876096865394 1.6246365503088784
-0.7198463103929541 0.2620026302293851 0.6427876096865394 0.18494392952297034
0.2961981327260239 0.8137976813493736 0.5000000000000001 1.6099958140753976
-0.8137976813493736 0.29619813272602397 0.5000000000000001 -0.017599548623349448
0.32139380484326974 0.8830222215594888 0.3420201433256688 1.5464361697284272
-0.8830222215594888 0.3213938048432698 0.3420201433256688 -0.21960827339055022
0.33682408883346526 0.9254165783983233 0.17364817766693041 1.435888844898719
-0.9254165783983233 0.3368240888334653 0.17364817766693041 -0.41494431189792746
0.3420201433256688 0.9396926207859083 6.123233995736766e-17 1.2817127641115773
-0.9396926207859083 0.3420201433256689 6.123233995736766e-17 -0.5976724774602393
0.33682408883346526 0.9254165783983233 -0.1736481776669303 1.0885924895648582
-0.9254165783983233 0.3368240888334653 -0.1736481776669303 -0.7622406672317883
0.32139380484326974 0.883022221559489 -0.3420201433256687 0.86239588307709
-0.883022221559489 0.3213938048432698 -0.3420201433256687 -0.9036485600418879
0.29619813272602397 0.8137976813493737 -0.4999999999999998 0.6099958140753978
-0.8137976813493737 0.29619813272602397 -0.4999999999999998 -1.0175995486233496
0.262002630229385 0.7198463103929541 -0.6427876096865394 0.33906133093579977
-0.7198463103929541 0.2620026302293851 -0.6427876096865394 -1.1006312898501083
0.2198463103929543 0.6040227735550537 -0.7660444431189779 0.05782464082903013
-0.6040227735550537 0.21984631039295432 -0.7660444431189779 -1.1502209062810773
0.17101007166283438 0.4698463103929541 -0.8660254037844387 -0.22516902172865022
-0.4698463103929541 0.1710100716628344 -0.8660254037844387 -1.1648616425145584
0.11697777844051106 0.3213938048432698 -0.9396926207859083 -0.5013210375021275
-0.3213938048432698 0.11697777844051108 -0.9396926207859083 -1.144108647188667
0.05939117461388484 0.16317591116653513 -0.984807753012208 -0.7622406672317881
-0.16317591116653513 0.05939117461388485 -0.984807753012208 -1.0885924895648582
4.188538737676993e-17 1.1507915602278503e-16 -1.0 -0.9999999999999999
-1.1507915602278503e-16 4.1885387376769936e-17 -1.0 -1.0000000000000002
-0.059391174613884615 -0.16317591116653452 -0.9848077530122081 -1.2073748387926273
0.16317591116653452 -0.05939117461388462 -0.9848077530122081 -0.8810230164595583
-0.116977778440511 -0.32139380484326957 -0.9396926207859084 -1.378064204069689
0.32139380484326957 -0.11697777844051101 -0.9396926207859084 -0.7352765943831499
-0.17101007166283433 -0.4698463103929539 -0.8660254037844388 -1.506881785840227
0.4698463103929539 -0.17101007166283436 -0.8660254037844388 -0.5671891650543194
-0.21984631039295421 -0.6040227735550536 -0.766044443118978 -1.589913527066986
0.6040227735550536 -0.21984631039295427 -0.766044443118978 -0.3818679799568787
-0.26200263022938497 -0.719846310392954 -0.6427876096865395 -1.6246365503088784
0.719846310392954 -0.262002630229385 -0.6427876096865395 -0.18494392952297045
-0.29619813272602386 -0.8137976813493735 -0.5000000000000004 -1.6099958140753978
0.8137976813493735 -0.2961981327260239 -0.5000000000000004 0.017599548623349115
-0.3213938048432697 -0.8830222215594888 -0.3420201433256694 -1.546436169728428
0.8830222215594888 -0.32139380484326974 -0.3420201433256694 0.21960827339054967
-0.33682408883346526 -0.9254165783983233 -0.17364817766693033 -1.4358888448987188
0.9254165783983233 -0.3368240888334653 -0.17364817766693033 0.4149443118979276
-0.3420201433256688 -0.9396926207859083 -1.8369701987210297e-16 -1.2817127641115773
0.9396926207859083 -0.3420201433256689 -1.8369701987210297e-16 0.5976724774602393
-0.33682408883346526 -0.9254165783983234 0.17364817766692997 -1.0885924895648587
0.9254165783983234 -0.3368240888334653 0.17364817766692997 0.7622406672317881
-0.3213938048432698 -0.8830222215594891 0.34202014332566816 -0.8623958830770908
0.8830222215594891 -0.32139380484326985 0.34202014332566816 0.9036485600418873
-0.2961981327260239 -0.8137976813493736 0.5000000000000001 -0.6099958140753974
0.8137976813493736 -0.29619813272602397 0.5000000000000001 1.0175995486233498
-0.2620026302293851 -0.7198463103929542 0.6427876096865393 -0.33906133093580004
0.7198463103929542 -0.2620026302293851 0.6427876096865393 1.1006312898501083
-0.21984631039295435 -0.6040227735550538 0.7660444431189778 -0.05782464082903041
0.6040227735550538 -0.21984631039295438 0.7660444431189778 1.1502209062810773
-0.17101007166283455 -0.4698463103929546 0.8660254037844384 0.22516902172864922
0.4698463103929546 -0.17101007166283458 0.8660254037844384 1.1648616425145584
-0.11697777844051126 -0.3213938048432703 0.9396926207859081 0.5013210375021265
0.3213938048432703 -0.11697777844051127 0.9396926207859081 1.1441086471886672
-0.05939117461388473 -0.16317591116653485 0.984807753012208 0.7622406672317884
0.16317591116653485 -0.05939117461388475 0.984807753012208 1.0885924895648582
-8.377077475353986e-17 -2.3015831204557005e-16 1.0 0.9999999999999997
2.3015831204557005e-16 -8.377077475353987e-17 1.0 1.0000000000000002
0.0 0.0 1.0 1.0
-0.0 0.0 1.0 1.0
0.030153689607045817 0.17101007166283433 0.984807753012208 1.1859715142820881
-0.17101007166283433 0.030153689607045866 0.984807753012208 0.8439513709564196
0.059391174613884726 0.33682408883346515 0.9396926207859084 1.3359078842332581
-0.33682408883346515 0.05939117461388482 0.9396926207859084 0.6622597065663282
0.0868240888334652 0.49240387650610395 0.8660254037844387 1.445253369124008
-0.49240387650610395 0.08682408883346533 0.8660254037844387 0.4604456161118001
0.11161889704894969 0.633022221559489 0.766044443118978 1.5106855617274166
-0.633022221559489 0.11161889704894987 0.766044443118978 0.24464111860843896
0.13302222155948906 0.7544065067354889 0.6427876096865394 1.5302163379815172
-0.7544065067354889 0.13302222155948928 0.6427876096865394 0.021403324510539723
0.15038373318043535 0.8528685319524432 0.5000000000000001 1.5032522651328788
-0.8528685319524432 0.15038373318043557 0.5000000000000001 -0.20248479877200753
0.16317591116653488 0.9254165783983233 0.3420201433256688 1.430612632890527
-0.9254165783983233 0.16317591116653513 0.3420201433256688 -0.4202205239061193
0.1710100716628344 0.9698463103929541 0.17364817766693041 1.314504559722719
-0.9698463103929541 0.1710100716628347 0.17364817766693041 -0.625188061063189
0.17364817766693041 0.984807753012208 6.123233995736766e-17 1.1584559306791387
-0.984807753012208 0.1736481776669307 6.123233995736766e-17 -0.8111595753452773
0.1710100716628344 0.9698463103929541 -0.1736481776669303 0.9672082043888582
-0.9698463103929541 0.1710100716628347 -0.1736481776669303 -0.9724844163970497
0.1631759111665349 0.9254165783983234 -0.3420201433256687 0.7465723462391896
-0.9254165783983234 0.16317591116653515 -0.3420201433256687 -1.104260810557457
0.15038373318043535 0.8528685319524433 -0.4999999999999998 0.5032522651328788
-0.8528685319524433 0.1503837331804356 -0.4999999999999998 -1.2024847987720073
0.13302222155948906 0.7544065067354889 -0.6427876096865394 0.24464111860843862
-0.7544065067354889 0.13302222155948928 -0.6427876096865394 -1.264171894862539
0.11161889704894973 0.6330222215594892 -0.7660444431189779 -0.021403324510539
-0.6330222215594892 0.11161889704894991 -0.7660444431189779 -1.287447767629517
0.0868240888334652 0.49240387650610395 -0.8660254037844387 -0.28679743844486955
-0.49240387650610395 0.08682408883346533 -0.8660254037844387 -1.2716051914570774
0.059391174613884753 0.3368240888334653 -0.9396926207859083 -0.5434773573385582
-0.3368240888334653 0.05939117461388485 -0.9396926207859083 -1.2171255350054888
0.03015368960704588 0.1710100716628347 -0.984807753012208 -0.7836439917423275
-0.1710100716628347 0.03015368960704593 -0.984807753012208 -1.1256641350679968
2.1265768495757722e-17 1.2060416625018976e-16 -1.0 -0.9999999999999999
-1.2060416625018976e-16 2.1265768495757756e-17 -1.0 -1.0000000000000002
-0.030153689607045762 -0.17101007166283405 -0.9848077530122081 -1.185971514282088
0.17101007166283405 -0.03015368960704581 -0.9848077530122081 -0.8439513709564199
-0.05939117461388472 -0.3368240888334651 -0.9396926207859084 -1.3359078842332581
0.3368240888334651 -0.05939117461388481 -0.9396926207859084 -0.662259706566328
-0.08682408883346517 -0.49240387650610373 -0.8660254037844388 -1.4452533691240077
0.49240387650610373 -0.0868240888334653 -0.8660254037844388 -0.46044561611180035
-0.11161889704894969 -0.633022221559489 -0.766044443118978 -1.5106855617274166
0.633022221559489 -0.11161889704894987 -0.766044443118978 -0.24464111860843896
-0.13302222155948903 -0.7544065067354888 -0.6427876096865395 -1.5302163379815172
-0.15038373318043533 -0.852868531952443 -0.5000000000000004 -1.5032522651328788
-0.16317591116653485 -0.9254165783983231 -0.3420201433256694 -1.4306126328905275
-0.1710100716628344 -0.9698463103929541 -0.17364817766693033 -1.314504559722719
-0.17364817766693041 -0.984807753012208 -1.8369701987210297e-16 -1.1584559306791387
-0.17101007166283444 -0.9698463103929542 0.17364817766692997 -0.9672082043888587
-0.1631759111665349 -0.9254165783983235 0.34202014332566816 -0.7465723462391902
-0.15038373318043535 -0.8528685319524432 0.5000000000000001 -0.5032522651328784
