0.0 0.0 1.0 0.42057915855494993
0.0 0.0 1.0 0.42057915855494993
-0.0 0.0 1.0 0.42057915855494993
0.17364817766693033 0.0 0.984807753012208 0.4201765313459623
0.08682408883346518 0.15038373318043527 0.984807753012208 0.4200161047284034
-0.08682408883346512 0.1503837331804353 0.984807753012208 0.4203515493354133
0.3420201433256687 0.0 0.9396926207859084 0.419642252390629
0.17101007166283438 0.2961981327260238 0.9396926207859084 0.41930666965645225
-0.17101007166283427 0.29619813272602386 0.9396926207859084 0.41990459576446304
0.49999999999999994 0.0 0.8660254037844387 0.4193601914201816
0.25 0.43301270189221924 0.8660254037844387 0.4192454829281318
-0.24999999999999986 0.4330127018922193 0.8660254037844387 0.4194489771831705
0.6427876096865393 0.0 0.766044443118978 0.42031881020632567
0.3213938048432697 0.5566703992264193 0.766044443118978 0.4206237178225335
-0.32139380484326946 0.5566703992264194 0.766044443118978 0.41963861453573276
0.766044443118978 0.0 0.6427876096865394 0.422282352088542
0.3830222215594891 0.6634139481689384 0.6427876096865394 0.42218611045586013
-0.38302222155948884 0.6634139481689384 0.6427876096865394 0.4210518341386466
0.8660254037844386 0.0 0.5000000000000001 0.42372269513406874
0.4330127018922194 0.7499999999999999 0.5000000000000001 0.422938930667954
-0.43301270189221913 0.75 0.5000000000000001 0.4226931776766715
0.9396926207859083 0.0 0.3420201433256688 0.4243476563717556
0.46984631039295427 0.8137976813493736 0.3420201433256688 0.4230115094511851
-0.46984631039295394 0.8137976813493737 0.3420201433256688 0.42375382779784765
0.984807753012208 0.0 0.17364817766693041 0.4244034095002813
0.4924038765061041 0.8528685319524432 0.17364817766693041 0.42251518000161853
-0.4924038765061038 0.8528685319524433 0.17364817766693041 0.42447735910607076
1.0 0.0 6.123233995736766e-17 0.4239162824547354
0.5000000000000001 0.8660254037844386 6.123233995736766e-17 0.4213189740675292
-0.4999999999999998 0.8660254037844387 6.123233995736766e-17 0.4247983340961421
0.984807753012208 0.0 -0.1736481776669303 0.42271693271408445
0.4924038765061041 0.8528685319524432 -0.1736481776669303 0.4194519097541932
-0.4924038765061038 0.8528685319524433 -0.1736481776669303 0.42446302751731807
0.9396926207859084 0.0 -0.3420201433256687 0.42094313621665824
0.4698463103929543 0.8137976813493737 -0.3420201433256687 0.4182949724196181
-0.469846310392954 0.8137976813493738 -0.3420201433256687 0.42320765376020475
0.8660254037844387 0.0 -0.4999999999999998 0.4198756721252504
0.43301270189221946 0.75 -0.4999999999999998 0.41876050266359705
-0.4330127018922192 0.7500000000000001 -0.4999999999999998 0.42125966006040544
0.766044443118978 0.0 -0.6427876096865394 0.4200453712763552
0.3830222215594891 0.6634139481689384 -0.6427876096865394 0.4196460452296885
-0.38302222155948884 0.6634139481689384 -0.6427876096865394 0.42007613722244336
0.6427876096865395 0.0 -0.7660444431189779 0.42052942402651644
0.3213938048432698 0.5566703992264195 -0.7660444431189779 0.4202307406826135
-0.32139380484326957 0.5566703992264196 -0.7660444431189779 0.41995858233125344
0.49999999999999994 0.0 -0.8660254037844387 0.4208367591022857
0.25 0.43301270189221924 -0.8660254037844387 0.4205456748632597
-0.24999999999999986 0.4330127018922193 -0.8660254037844387 0.41999990592309466
0.17101007166283447 0.29619813272602397 -0.9396926207859083 0.4207669375053933
0.3420201433256689 0.0 -0.9396926207859083 0.4209228576018041
-0.17101007166283436 0.29619813272602397 -0.9396926207859083 0.42017686763468454
0.08682408883346536 0.15038373318043557 -0.984807753012208 0.4208231840491612
0.1736481776669307 0.0 -0.984807753012208 0.42082643321145496
-0.0868240888334653 0.1503837331804356 -0.984807753012208 0.42050200883797045
6.123233995736767e-17 1.0605752387249068e-16 -1.0 0.42057915867007883
1.2246467991473532e-16 0.0 -1.0 0.42057915867007883
-6.123233995736764e-17 1.0605752387249069e-16 -1.0 0.42057915867007883
-0.08682408883346503 -0.15038373318043502 -0.9848077530122081 0.42001610470569767
0.08682408883346497 -0.15038373318043502 -0.9848077530122081 0.4203515492972888
-0.17364817766693003 -0.0 -0.9848077530122081 0.4201765314943131
-0.17101007166283436 -0.29619813272602374 -0.9396926207859084 0.4193066696552636
0.17101007166283425 -0.2961981327260238 -0.9396926207859084 0.41990459577848593
-0.34202014332566866 -0.0 -0.9396926207859084 0.4196422524444961
-0.24999999999999992 -0.4330127018922191 -0.8660254037844388 0.4192454829869815
0.24999999999999975 -0.43301270189221913 -0.8660254037844388 0.41944897714782603
-0.4999999999999997 -0.0 -0.8660254037844388 0.4193601915661925
-0.3213938048432697 -0.5566703992264193 -0.766044443118978 0.420623717752186
0.32139380484326946 -0.5566703992264194 -0.766044443118978 0.41963861449678785
-0.38302222155948906 -0.6634139481689383 -0.6427876096865395 0.42218611050601107
-0.6427876096865393 -0.0 -0.766044443118978 0.42031881035703156
0.3830222215594888 -0.6634139481689383 -0.6427876096865395 0.4210518341558962
-0.43301270189221935 -0.7499999999999998 -0.5000000000000004 0.4229389306605526
-0.7660444431189779 -0.0 -0.6427876096865395 0.42228235227193384
0.4330127018922191 -0.7499999999999999 -0.5000000000000004 0.4226931777067325
-0.4698463103929542 -0.8137976813493735 -0.3420201433256694 0.4230115094379279
0.4698463103929539 -0.8137976813493736 -0.3420201433256694 0.4237538278292906
-0.8660254037844385 -0.0 -0.5000000000000004 0.42372269522896217
-0.4924038765061041 -0.8528685319524432 -0.17364817766693033 0.42251518005541644
0.4924038765061038 -0.8528685319524433 -0.17364817766693033 0.42447735906744566
-0.9396926207859082 -0.0 -0.3420201433256694 0.42434765644596156
-0.5000000000000001 -0.8660254037844386 -1.8369701987210297e-16 0.42131897403491436
0.4999999999999998 -0.8660254037844387 -1.8369701987210297e-16 0.4247983341100347
-0.984807753012208 -0.0 -0.17364817766693033 0.42440340952611233
-0.4924038765061042 -0.8528685319524433 0.17364817766692997 0.4194519097914762
0.49240387650610384 -0.8528685319524434 0.17364817766692997 0.42446302746124503
-1.0 -0.0 -1.8369701987210297e-16 0.4239162825465124
-0.4698463103929544 -0.8137976813493738 0.34202014332566816 0.4182949723387688
0.46984631039295405 -0.8137976813493739 0.34202014332566816 0.4232076537688771
-0.9848077530122081 -0.0 0.17364817766692997 0.4227169327031344
-0.4330127018922194 -0.7499999999999999 0.5000000000000001 0.418760502655927
0.43301270189221913 -0.75 0.5000000000000001 0.42125966006270377
-0.9396926207859085 -0.0 0.34202014332566816 0.42094313624652063
-0.3830222215594892 -0.6634139481689384 0.6427876096865393 0.41964604523611887
0.3830222215594889 -0.6634139481689385 0.6427876096865393 0.4200761371944879
-0.32139380484326985 -0.5566703992264196 0.7660444431189778 0.4202307406989226
-0.8660254037844386 -0.0 0.5000000000000001 0.4198756721756037
0.3213938048432696 -0.5566703992264196 0.7660444431189778 0.41995858233035716
-0.7660444431189781 -0.0 0.6427876096865393 0.4200453712823478
-0.2500000000000003 -0.4330127018922197 0.8660254037844384 0.4205456749741841
0.2500000000000001 -0.43301270189221974 0.8660254037844384 0.4199999060156249
-0.6427876096865396 -0.0 0.7660444431189778 0.4205294240317063
-0.17101007166283475 -0.2961981327260244 0.9396926207859081 0.42076693748516325
0.17101007166283463 -0.29619813272602447 0.9396926207859081 0.42017686762962647
-0.5000000000000004 -0.0 0.8660254037844384 0.4208367591083762
-0.08682408883346521 -0.15038373318043533 0.984807753012208 0.42082318402836744
0.08682408883346515 -0.15038373318043535 0.984807753012208 0.4205020087794975
-0.34202014332566943 -0.0 0.9396926207859081 0.4209228575040388
-1.2246467991473535e-16 -2.1211504774498136e-16 1.0 0.42057915855494993
1.2246467991473527e-16 -2.1211504774498138e-16 1.0 0.42057915855494993
-0.1736481776669304 -0.0 0.984807753012208 0.4208264331245152
0.0 0.0 1.0 0.42057915855494993
-0.0 0.0 1.0 0.42057915855494993
-2.4492935982947064e-16 -0.0 1.0 0.42057915855494993
0.05939117461388472 0.1631759111665348 0.984807753012208 0.42003582958608726
-0.11161889704894966 0.133022221559489 0.984807753012208 0.42044166712168857
0.0 0.0 1.0 0.42057915855494993
0.11697777844051101 0.3213938048432696 0.9396926207859084 0.419324111338006
-0.2198463103929542 0.2620026302293849 0.9396926207859084 0.42009672344310456
0.17101007166283433 0.030153689607045803 0.984807753012208 0.42012717969506413
0.17101007166283438 0.4698463103929541 0.8660254037844387 0.41919430335300634
-0.3213938048432696 0.38302222155948895 0.8660254037844387 0.41966596544068424
0.33682408883346515 0.0593911746138847 0.9396926207859084 0.41955881326680233
0.21984631039295421 0.6040227735550536 0.766044443118978 0.4204910520988308
-0.4131759111665348 0.49240387650610395 0.766044443118978 0.41960560844158046
0.49240387650610395 0.08682408883346515 0.8660254037844387 0.4193780726637255
0.262002630229385 0.7198463103929541 0.6427876096865394 0.42207258673239406
-0.49240387650610407 0.5868240888334652 0.6427876096865394 0.42068320491963873
0.633022221559489 0.11161889704894963 0.766044443118978 0.4205644479446681
0.2961981327260239 0.8137976813493736 0.5000000000000001 0.42284000252665593
-0.5566703992264194 0.6634139481689384 0.5000000000000001 0.42245562011098614
0.7544065067354889 0.133022221559489 0.6427876096865394 0.42245615583372653
0.32139380484326974 0.8830222215594888 0.3420201433256688 0.4228867745321061
-0.6040227735550536 0.7198463103929541 0.3420201433256688 0.4237424519979139
0.8528685319524432 0.15038373318043527 0.5000000000000001 0.42365999635118884
0.33682408883346526 0.9254165783983233 0.17364817766693041 0.4224637716893658
-0.6330222215594891 0.7544065067354889 0.17364817766693041 0.4244925721831432
0.9254165783983233 0.1631759111665348 0.3420201433256688 0.42410695859362835
0.3420201433256688 0.9396926207859083 6.123233995736766e-17 0.42156286491233674
-0.6427876096865394 0.766044443118978 6.123233995736766e-17 0.4248535165640641
0.9698463103929541 0.17101007166283433 0.17364817766693041 0.4240196223865237
0.33682408883346526 0.9254165783983233 -0.1736481776669303 0.41996322840090894
-0.6330222215594891 0.7544065067354889 -0.1736481776669303 0.4246784405400661
0.984807753012208 0.17364817766693033 6.123233995736766e-17 0.42336178289152476
0.32139380484326974 0.883022221559489 -0.3420201433256687 0.41868191374690056
-0.6040227735550537 0.7198463103929542 -0.3420201433256687 0.4237146683733545
0.9698463103929541 0.17101007166283433 -0.1736481776669303 0.42194000868743914
0.29619813272602397 0.8137976813493737 -0.4999999999999998 0.4189351474962639
-0.5566703992264195 0.6634139481689384 -0.4999999999999998 0.4218772925618035
0.9254165783983234 0.16317591116653482 -0.3420201433256687 0.4202315305002653
0.262002630229385 0.7198463103929541 -0.6427876096865394 0.41974445917043895
-0.49240387650610407 0.5868240888334652 -0.6427876096865394 0.4201740286453566
0.8528685319524433 0.1503837331804353 -0.4999999999999998 0.41968750522691406
0.2198463103929543 0.6040227735550537 -0.7660444431189779 0.42025923875633375
-0.41317591116653496 0.4924038765061041 -0.7660444431189779 0.41966778847652036
0.7544065067354889 0.133022221559489 -0.6427876096865394 0.4201598877228242
0.17101007166283438 0.4698463103929541 -0.8660254037844387 0.42046254168447716
-0.3213938048432696 0.38302222155948895 -0.8660254037844387 0.4197554412501173
0.6330222215594892 0.11161889704894967 -0.7660444431189779 0.42068021141868295
0.11697777844051106 0.3213938048432698 -0.9396926207859083 0.42065640094979606
-0.2198463103929543 0.2620026302293851 -0.9396926207859083 0.42007322549346415
0.49240387650610395 0.08682408883346515 -0.8660254037844387 0.4209525313929631
0.05939117461388484 0.16317591116653513 -0.984807753012208 0.42077659996886074
-0.11161889704894988 0.13302222155948928 -0.984807753012208 0.42044713093729463
0.3368240888334653 0.059391174613884726 -0.9396926207859083 0.4210006756311857
4.188538737676993e-17 1.1507915602278503e-16 -1.0 0.42057915867007883
-7.871877887341986e-17 9.381338752702731e-17 -1.0 0.42057915867007883
0.1710100716628347 0.030153689607045866 -0.984807753012208 0.42086723444068
-0.059391174613884615 -0.16317591116653452 -0.9848077530122081 0.42003582959860647
0.11161889704894946 -0.13302222155948876 -0.9848077530122081 0.42044166715943304
-0.116977778440511 -0.32139380484326957 -0.9396926207859084 0.4193241113419983
1.2060416625018976e-16 2.1265768495757713e-17 -1.0 0.42057915867007883
0.21984631039295416 -0.2620026302293849 -0.9396926207859084 0.4200967234385936
-0.17101007166283433 -0.4698463103929539 -0.8660254037844388 0.4191943033366371
-0.17101007166283405 -0.030153689607045748 -0.9848077530122081 0.4201271797857741
0.3213938048432695 -0.3830222215594888 -0.8660254037844388 0.4196659654187779
-0.21984631039295421 -0.6040227735550536 -0.766044443118978 0.42049105208289067
0.4131759111665348 -0.49240387650610395 -0.766044443118978 0.4196056083937331
-0.3368240888334651 -0.059391174613884684 -0.9396926207859084 0.4195588133524645
-0.26200263022938497 -0.719846310392954 -0.6427876096865395 0.4220725867573734
0.49240387650610395 -0.586824088833465 -0.6427876096865395 0.4206832049325937
-0.49240387650610373 -0.08682408883346512 -0.8660254037844388 0.4193780727420492
-0.29619813272602386 -0.8137976813493735 -0.5000000000000004 0.42284000248440584
0.5566703992264193 -0.6634139481689383 -0.5000000000000004 0.4224556200940492
-0.633022221559489 -0.11161889704894963 -0.766044443118978 0.4205644480749841
-0.3213938048432697 -0.8830222215594888 -0.3420201433256694 0.4228867745377206
0.6040227735550536 -0.719846310392954 -0.3420201433256694 0.42374245199798544
-0.33682408883346526 -0.9254165783983233 -0.17364817766693033 0.4224637716879225
-0.7544065067354888 -0.13302222155948898 -0.6427876096865395 0.4224561559387913
0.6330222215594891 -0.7544065067354889 -0.17364817766693033 0.42449257215992914
-0.3420201433256688 -0.9396926207859083 -1.8369701987210297e-16 0.42156286491784384
-0.852868531952443 -0.15038373318043524 -0.5000000000000004 0.42365999653164294
0.6427876096865394 -0.766044443118978 -1.8369701987210297e-16 0.42485351653332
-0.33682408883346526 -0.9254165783983234 0.17364817766692997 0.41996322843060957
-0.9254165783983231 -0.16317591116653477 -0.3420201433256694 0.424106958645235
0.6330222215594891 -0.754406506735489 0.17364817766692997 0.4246784405451413
-0.3213938048432698 -0.8830222215594891 0.34202014332566816 0.4186819137544211
-0.9698463103929541 -0.17101007166283433 -0.17364817766693033 0.42401962245286845
0.6040227735550538 -0.7198463103929543 0.34202014332566816 0.42371466831476373
-0.2961981327260239 -0.8137976813493736 0.5000000000000001 0.4189351475050055
0.5566703992264194 -0.6634139481689384 0.5000000000000001 0.42187729257431567
-0.984807753012208 -0.17364817766693033 -1.8369701987210297e-16 0.4233617829323135
-0.2620026302293851 -0.7198463103929542 0.6427876096865393 0.4197444591714374
0.4924038765061041 -0.5868240888334653 0.6427876096865393 0.4201740286258544
-0.9698463103929542 -0.17101007166283436 0.17364817766692997 0.4219400087556604
-0.21984631039295435 -0.6040227735550538 0.7660444431189778 0.42025923870181897
0.413175911166535 -0.49240387650610423 0.7660444431189778 0.41966778841874924
-0.9254165783983235 -0.16317591116653485 0.34202014332566816 0.420231530632754
-0.17101007166283455 -0.4698463103929546 0.8660254037844384 0.4204625417503658
0.32139380484326996 -0.38302222155948934 0.8660254037844384 0.41975544119784397
-0.11697777844051126 -0.3213938048432703 0.9396926207859081 0.42065640096278684
-0.8528685319524432 -0.15038373318043527 0.5000000000000001 0.419687505228146
0.21984631039295466 -0.26200263022938547 0.9396926207859081 0.4200732255215372
-0.05939117461388473 -0.16317591116653485 0.984807753012208 0.4207765999287796
-0.754406506735489 -0.133022221559489 0.6427876096865393 0.42015988769803786
0.11161889704894969 -0.13302222155948903 0.984807753012208 0.42044713092370295
-8.377077475353986e-17 -2.3015831204557005e-16 1.0 0.42057915855494993
-0.6330222215594893 -0.1116188970489497 0.7660444431189778 0.42068021148418894
1.5743755774683973e-16 -1.8762677505405462e-16 1.0 0.42057915855494993
0.0 0.0 1.0 0.42057915855494993
-0.49240387650610445 -0.08682408883346525 0.8660254037844384 0.42095253144607525
-0.0 0.0 1.0 0.42057915855494993
0.030153689607045817 0.17101007166283433 0.984807753012208 0.4200718167375981
-0.3368240888334659 -0.05939117461388482 0.9396926207859081 0.4210006755880959
-0.13302222155948898 0.11161889704894967 0.984807753012208 0.42053244890975644
0.059391174613884726 0.33682408883346515 0.9396926207859084 0.4193739634048529
-0.17101007166283438 -0.03015368960704581 0.984807753012208 0.42086723427770933
-0.2620026302293849 0.21984631039295424 0.9396926207859084 0.42029389951085594
0.0868240888334652 0.49240387650610395 0.8660254037844387 0.41915711953480694
-2.412083325003795e-16 -4.2531536991515426e-17 1.0 0.42057915855494993
-0.3830222215594889 0.3213938048432697 0.8660254037844387 0.41991979072607666
0.11161889704894969 0.633022221559489 0.766044443118978 0.4203269310279812
0.0 0.0 1.0 0.42057915855494993
-0.4924038765061039 0.41317591116653485 0.766044443118978 0.4196816593993892
0.13302222155948906 0.7544065067354889 0.6427876096865394 0.42194367380409836
0.16317591116653482 0.0593911746138847 0.984807753012208 0.42008350986214776
-0.586824088833465 0.4924038765061041 0.6427876096865394 0.4203187198932595
0.15038373318043535 0.8528685319524432 0.5000000000000001 0.42277155072421996
0.3213938048432697 0.11697777844051097 0.9396926207859084 0.4194792480305325
-0.6634139481689383 0.5566703992264195 0.5000000000000001 0.4220286462356634
0.16317591116653488 0.9254165783983233 0.3420201433256688 0.4229128793000176
0.46984631039295416 0.17101007166283433 0.8660254037844387 0.41938227754340185
-0.719846310392954 0.6040227735550537 0.3420201433256688 0.4235952251155087
0.1710100716628344 0.9698463103929541 0.17364817766693041 0.4228101678973857
0.6040227735550536 0.21984631039295416 0.766044443118978 0.4207128978795591
-0.7544065067354888 0.6330222215594892 0.17364817766693041 0.42445703711119565
0.17364817766693041 0.984807753012208 6.123233995736766e-17 0.4223142172430443
0.7198463103929542 0.2620026302293849 0.6427876096865394 0.4224978393323163
-0.7660444431189779 0.6427876096865395 6.123233995736766e-17 0.42480034575578746
0.1710100716628344 0.9698463103929541 -0.1736481776669303 0.42096544717738776
0.8137976813493737 0.2961981327260238 0.5000000000000001 0.4235160124309983
-0.7544065067354888 0.6330222215594892 -0.1736481776669303 0.42469511477533006
0.1631759111665349 0.9254165783983234 -0.3420201433256687 0.4194427235450044
0.883022221559489 0.3213938048432696 0.3420201433256688 0.4238310835738175
-0.7198463103929541 0.6040227735550538 -0.3420201433256687 0.4239709086726541
0.15038373318043535 0.8528685319524433 -0.4999999999999998 0.4192833220630502
0.9254165783983234 0.33682408883346515 0.17364817766693041 0.4236306382324218
-0.6634139481689383 0.5566703992264196 -0.4999999999999998 0.4223916623754843
0.13302222155948906 0.7544065067354889 -0.6427876096865394 0.419934551761317
0.9396926207859084 0.3420201433256687 6.123233995736766e-17 0.42281663574619255
-0.586824088833465 0.4924038765061041 -0.6427876096865394 0.4204171861823744
0.11161889704894973 0.6330222215594892 -0.7660444431189779 0.4203642347736906
0.9254165783983234 0.33682408883346515 -0.1736481776669303 0.4212160059164115
-0.49240387650610407 0.413175911166535 -0.7660444431189779 0.4194512772051017
0.0868240888334652 0.49240387650610395 -0.8660254037844387 0.4204377263002895
0.8830222215594891 0.3213938048432697 -0.3420201433256687 0.41969219703798166
-0.3830222215594889 0.3213938048432697 -0.8660254037844387 0.41953398834365935
0.059391174613884753 0.3368240888334653 -0.9396926207859083 0.42055607315483506
0.8137976813493738 0.29619813272602386 -0.4999999999999998 0.4195912145272357
-0.262002630229385 0.21984631039295432 -0.9396926207859083 0.41997591307809423
0.03015368960704588 0.1710100716628347 -0.984807753012208 0.4207244504113889
0.7198463103929542 0.2620026302293849 -0.6427876096865394 0.42023070504949805
-0.13302222155948926 0.11161889704894991 -0.984807753012208 0.42039256010005577
0.6040227735550538 0.21984631039295424 -0.7660444431189779 0.4207489217688275
2.1265768495757722e-17 1.2060416625018976e-16 -1.0 0.42057915867007883
-9.38133875270273e-17 7.871877887341988e-17 -1.0 0.42057915867007883
0.46984631039295416 0.17101007166283433 -0.8660254037844387 0.42099934980419684
-0.030153689607045762 -0.17101007166283405 -0.9848077530122081 0.42007181668501026
0.3213938048432698 0.11697777844051102 -0.9396926207859083 0.4210355124322989
0.13302222155948876 -0.11161889704894948 -0.9848077530122081 0.42053244896303704
-0.05939117461388472 -0.3368240888334651 -0.9396926207859084 0.4193739633796295
0.16317591116653515 0.05939117461388482 -0.984807753012208 0.4208909753292528
0.26200263022938486 -0.2198463103929542 -0.9396926207859084 0.42029389947793794
-0.08682408883346517 -0.49240387650610373 -0.8660254037844388 0.4191571195368914
0.38302222155948873 -0.32139380484326957 -0.8660254037844388 0.4199197907102072
-0.11161889704894969 -0.633022221559489 -0.766044443118978 0.4203269310491349
1.1507915602278503e-16 4.188538737676992e-17 -1.0 0.42057915867007883
0.4924038765061039 -0.41317591116653485 -0.766044443118978 0.41968165937734636
-0.13302222155948903 -0.7544065067354888 -0.6427876096865395 0.42194367382913983
-0.16317591116653454 -0.059391174613884594 -0.9848077530122081 0.4200835100312599
0.5868240888334649 -0.49240387650610407 -0.6427876096865395 0.42031871988707586
-0.15038373318043533 -0.852868531952443 -0.5000000000000004 0.42277155071112615
-0.3213938048432696 -0.11697777844051095 -0.9396926207859084 0.4194792481229559
0.6634139481689382 -0.5566703992264194 -0.5000000000000004 0.42202864621140707
-0.16317591116653485 -0.9254165783983231 -0.3420201433256694 0.4229128793561666
-0.46984631039295394 -0.17101007166283427 -0.8660254037844388 0.41938227768600145
0.7198463103929539 -0.6040227735550537 -0.3420201433256694 0.42359522513985176
-0.1710100716628344 -0.9698463103929541 -0.17364817766693033 0.422810167938043
0.7544065067354888 -0.6330222215594892 -0.17364817766693033 0.42445703714586547
-0.6040227735550536 -0.21984631039295416 -0.766044443118978 0.4207128979803112
-0.17364817766693041 -0.984807753012208 -1.8369701987210297e-16 0.42231421724688073
0.7660444431189779 -0.6427876096865395 -1.8369701987210297e-16 0.4248003457555004
-0.17101007166283444 -0.9698463103929542 0.17364817766692997 0.4209654472334143
-0.7198463103929541 -0.2620026302293849 -0.6427876096865395 0.42249783951516917
0.7544065067354889 -0.6330222215594892 0.17364817766692997 0.4246951147895473
-0.1631759111665349 -0.9254165783983235 0.34202014332566816 0.4194427235905933
-0.8137976813493736 -0.29619813272602374 -0.5000000000000004 0.423516012656994
0.7198463103929542 -0.604022773555054 0.34202014332566816 0.423970908705474
-0.15038373318043535 -0.8528685319524432 0.5000000000000001 0.4192833220545635
-0.8830222215594888 -0.32139380484326957 -0.3420201433256694 0.423831083696485
0.6634139481689383 -0.5566703992264195 0.5000000000000001 0.42239166235662656
-0.1330222215594891 -0.754406506735489 0.6427876096865393 0.41993455179100775
-0.9254165783983234 -0.33682408883346515 -0.17364817766693033 0.42363063817666363
0.5868240888334652 -0.4924038765061042 0.6427876096865393 0.42041718620706975
-0.11161889704894974 -0.6330222215594893 0.7660444431189778 0.4203642346863606
-0.9396926207859084 -0.3420201433256687 -1.8369701987210297e-16 0.42281663570950856
0.4924038765061041 -0.41317591116653507 0.7660444431189778 0.41945127722785147
-0.08682408883346529 -0.49240387650610445 0.8660254037844384 0.4204377262909757
0.3830222215594893 -0.32139380484327 0.8660254037844384 0.41953398836257844
-0.9254165783983235 -0.33682408883346515 0.17364817766692997 0.42121600604302845
-0.05939117461388485 -0.3368240888334659 0.9396926207859081 0.42055607316236293
0.26200263022938547 -0.21984631039295469 0.9396926207859081 0.4199759130690368
-0.030153689607045824 -0.17101007166283438 0.984807753012208 0.4207244503975548
-0.8830222215594892 -0.3213938048432697 0.34202014332566816 0.4196921971549703
0.13302222155948903 -0.11161889704894971 0.984807753012208 0.4203925600603307
-4.2531536991515444e-17 -2.412083325003795e-16 1.0 0.42057915855494993
-0.8137976813493737 -0.2961981327260238 0.5000000000000001 0.4195912146690229
1.876267750540546e-16 -1.5743755774683975e-16 1.0 0.42057915855494993
0.0 0.0 1.0 0.42057915855494993
-0.7198463103929543 -0.26200263022938497 0.6427876096865393 0.4202307050628589
-0.0 0.0 1.0 0.42057915855494993
1.0632884247878856e-17 0.17364817766693033 0.984807753012208 0.42012339323443804
-0.604022773555054 -0.21984631039295427 0.7660444431189778 0.42074892172552847
-0.1503837331804353 0.08682408883346515 0.984807753012208 0.42061989309377057
2.094269368838496e-17 0.3420201433256687 0.9396926207859084 0.4194585009333551
-0.46984631039295466 -0.1710100716628345 0.8660254037844384 0.4209993498004786
-0.29619813272602386 0.17101007166283433 0.9396926207859084 0.42048472310288126
3.0616169978683824e-17 0.49999999999999994 0.8660254037844387 0.41915022440348926
-0.32139380484327035 -0.11697777844051122 0.9396926207859081 0.4210355124639633
-0.4330127018922193 0.24999999999999994 0.8660254037844387 0.42018527479158346
3.9359389436709925e-17 0.6427876096865393 0.766044443118978 0.4201387726476688
-0.16317591116653488 -0.05939117461388472 0.984807753012208 0.42089097536332487
-0.5566703992264194 0.32139380484326957 0.766044443118978 0.4198540363151466
4.6906693763513654e-17 0.766044443118978 0.6427876096865394 0.4217926683238192
-2.3015831204557005e-16 -8.377077475353984e-17 1.0 0.42057915855494993
-0.6634139481689384 0.38302222155948895 0.6427876096865394 0.4200449016623414
5.302876193624534e-17 0.8660254037844386 0.5000000000000001 0.42275725370761436
0.0 0.0 1.0 0.42057915855494993
-0.75 0.43301270189221924 0.5000000000000001 0.42143431461305064
5.753957801139251e-17 0.9396926207859083 0.3420201433256688 0.42313402050012483
0.1503837331804353 0.08682408883346515 0.984807753012208 0.42004814376898403
-0.8137976813493737 0.4698463103929541 0.3420201433256688 0.4232197569618416
6.030208312509488e-17 0.984807753012208 0.17364817766693041 0.4233754883295035
0.29619813272602386 0.17101007166283433 0.9396926207859084 0.4194090548209044
-0.8528685319524433 0.49240387650610395 0.17364817766693041 0.42435424962703894
6.123233995736766e-17 1.0 6.123233995736766e-17 0.4231745687351113
0.4330127018922193 0.24999999999999994 0.8660254037844387 0.41936978556252924
-0.8660254037844387 0.49999999999999994 6.123233995736766e-17 0.4248041856714684
6.030208312509488e-17 0.984807753012208 -0.1736481776669303 0.422075839533746
0.5566703992264194 0.32139380484326957 0.766044443118978 0.42077698402062674
-0.8528685319524433 0.49240387650610395 -0.1736481776669303 0.4247515620067481
5.753957801139251e-17 0.9396926207859084 -0.3420201433256687 0.4203697670139053
0.6634139481689384 0.38302222155948895 0.6427876096865394 0.42246100933402875
-0.8137976813493738 0.46984631039295416 -0.3420201433256687 0.4241851789672072
5.3028761936245346e-17 0.8660254037844387 -0.4999999999999998 0.4196565231080978
0.75 0.43301270189221924 0.5000000000000001 0.42334807668400265
-0.7500000000000001 0.4330127018922193 -0.4999999999999998 0.4228592880433397
4.6906693763513654e-17 0.766044443118978 -0.6427876096865394 0.4200631354195866
0.8137976813493737 0.4698463103929541 0.3420201433256688 0.4235712627370234
-0.6634139481689384 0.38302222155948895 -0.6427876096865394 0.4208379602696608
3.935938943670994e-17 0.6427876096865395 -0.7660444431189779 0.4204260042798498
0.8528685319524433 0.49240387650610395 0.17364817766693041 0.4232859403598231
-0.5566703992264196 0.3213938048432697 -0.7660444431189779 0.4194312696179021
3.0616169978683824e-17 0.49999999999999994 -0.8660254037844387 0.4204175101902184
0.8660254037844387 0.49999999999999994 6.123233995736766e-17 0.42233230346042444
-0.4330127018922193 0.24999999999999994 -0.8660254037844387 0.4193897372190685
2.0942693688384968e-17 0.3420201433256689 -0.9396926207859083 0.42046510767026896
0.8528685319524433 0.49240387650610395 -0.1736481776669303 0.420602726030279
-0.29619813272602397 0.1710100716628344 -0.9396926207859083 0.4198879117255964
1.0632884247878878e-17 0.1736481776669307 -0.984807753012208 0.42066942202391544
0.8137976813493738 0.46984631039295416 -0.3420201433256687 0.41928991128698523
-0.1503837331804356 0.08682408883346533 -0.984807753012208 0.4203380090333424
0.7500000000000001 0.4330127018922193 -0.4999999999999998 0.419486285248315
7.498798913309288e-33 1.2246467991473532e-16 -1.0 0.42057915867007883
-1.0605752387249069e-16 6.123233995736765e-17 -1.0 0.42057915867007883
0.6634139481689384 0.38302222155948895 -0.6427876096865394 0.4202041626439212
-1.0632884247878838e-17 -0.17364817766693003 -0.9848077530122081 0.42012339324491704
0.5566703992264196 0.3213938048432697 -0.7660444431189779 0.42071428350367923
0.15038373318043502 -0.086824088833465 -0.9848077530122081 0.4206198932143805
-2.0942693688384956e-17 -0.34202014332566866 -0.9396926207859084 0.4194585008731642
0.4330127018922193 0.24999999999999994 -0.8660254037844387 0.42096699836349416
0.2961981327260238 -0.1710100716628343 -0.9396926207859084 0.4204847230813191
-3.061616997868381e-17 -0.4999999999999997 -0.8660254037844388 0.41915022441404015
0.29619813272602397 0.1710100716628344 -0.9396926207859083 0.4210241759168337
0.43301270189221913 -0.24999999999999983 -0.8660254037844388 0.4201852747747363
-3.9359389436709925e-17 -0.6427876096865393 -0.766044443118978 0.42013877260516813
0.1503837331804356 0.08682408883346533 -0.984807753012208 0.42089718943615073
0.5566703992264194 -0.32139380484326957 -0.766044443118978 0.4198540362970764
-4.690669376351365e-17 -0.7660444431189779 -0.6427876096865395 0.421792668260173
0.6634139481689383 -0.3830222215594889 -0.6427876096865395 0.4200449016461048
-5.3028761936245333e-17 -0.8660254037844385 -0.5000000000000004 0.4227572537071649
1.0605752387249069e-16 6.123233995736765e-17 -1.0 0.42057915867007883
0.7499999999999999 -0.4330127018922192 -0.5000000000000004 0.4214343145981399
-5.75395780113925e-17 -0.9396926207859082 -0.3420201433256694 0.42313402051670257
-0.15038373318043502 -0.086824088833465 -0.9848077530122081 0.4200481439349748
0.8137976813493736 -0.46984631039295405 -0.3420201433256694 0.4232197570351757
-6.030208312509488e-17 -0.984807753012208 -0.17364817766693033 0.4233754883862625
-0.2961981327260238 -0.1710100716628343 -0.9396926207859084 0.4194090548526232
0.8528685319524433 -0.49240387650610395 -0.17364817766693033 0.42435424959560525
-6.123233995736766e-17 -1.0 -1.8369701987210297e-16 0.42317456873956366
-0.43301270189221913 -0.24999999999999983 -0.8660254037844388 0.4193697855890467
0.8660254037844387 -0.49999999999999994 -1.8369701987210297e-16 0.42480418570347006
-6.030208312509489e-17 -0.9848077530122081 0.17364817766692997 0.4220758395902482
-0.5566703992264194 -0.32139380484326957 -0.766044443118978 0.4207769840803666
0.8528685319524434 -0.492403876506104 0.17364817766692997 0.4247515619925677
-5.753957801139253e-17 -0.9396926207859085 0.34202014332566816 0.4203697669667633
-0.6634139481689383 -0.3830222215594889 -0.6427876096865395 0.4224610093570651
-5.302876193624534e-17 -0.8660254037844386 0.5000000000000001 0.4196565230729262
0.8137976813493739 -0.4698463103929542 0.34202014332566816 0.42418517895558294
-0.7499999999999999 -0.4330127018922192 -0.5000000000000004 0.4233480766563475
-4.690669376351366e-17 -0.7660444431189781 0.6427876096865393 0.42006313541648543
0.75 -0.43301270189221924 0.5000000000000001 0.4228592880065424
-0.8137976813493736 -0.46984631039295405 -0.3420201433256694 0.4235712627370366
-3.9359389436709944e-17 -0.6427876096865396 0.7660444431189778 0.42042600425508697
0.6634139481689385 -0.383022221559489 0.6427876096865393 0.420837960268691
-0.8528685319524433 -0.49240387650610395 -0.17364817766693033 0.42328594032006867
-3.0616169978683855e-17 -0.5000000000000004 0.8660254037844384 0.4204175101692582
0.5566703992264196 -0.32139380484326974 0.7660444431189778 0.41943126957359705
-0.8660254037844387 -0.49999999999999994 -1.8369701987210297e-16 0.42233230345462713
-2.0942693688385002e-17 -0.34202014332566943 0.9396926207859081 0.4204651076961187
0.43301270189221974 -0.25000000000000017 0.8660254037844384 0.4193897372135652
-0.8528685319524434 -0.492403876506104 0.17364817766692997 0.4206027259540607
-1.063288424787886e-17 -0.1736481776669304 0.984807753012208 0.4206694220162539
0.29619813272602447 -0.1710100716628347 0.9396926207859081 0.41988791168917633
-0.8137976813493739 -0.4698463103929542 0.34202014332566816 0.41928991132728083
-1.4997597826618576e-32 -2.4492935982947064e-16 1.0 0.42057915855494993
0.15038373318043535 -0.08682408883346518 0.984807753012208 0.42033800902400065
-0.75 -0.43301270189221924 0.5000000000000001 0.4194862852593642
-0.0 0.0 1.0 0.42057915855494993
2.1211504774498138e-16 -1.224646799147353e-16 1.0 0.42057915855494993
-0.6634139481689385 -0.383022221559489 0.6427876096865393 0.4202041626173875
-0.030153689607045796 0.17101007166283433 0.984807753012208 0.4201889661772457
-0.0 0.0 1.0 0.42057915855494993
-0.5566703992264196 -0.32139380484326974 0.7660444431189778 0.42071428351381723
-0.059391174613884684 0.33682408883346515 0.9396926207859084 0.4195776960258573
-0.1631759111665348 0.059391174613884726 0.984807753012208 0.42070021309445405
-0.43301270189221974 -0.25000000000000017 0.8660254037844384 0.4209669983629564
-0.08682408883346514 0.49240387650610395 0.8660254037844387 0.4191893608166367
-0.3213938048432696 0.11697777844051102 0.9396926207859084 0.42065866306266464
-0.29619813272602447 -0.1710100716628347 0.9396926207859081 0.4210241760063793
-0.11161889704894962 0.633022221559489 0.766044443118978 0.419941742131506
-0.4698463103929541 0.1710100716628344 0.8660254037844387 0.4204389402578838
-0.15038373318043535 -0.08682408883346518 0.984807753012208 0.42089718941923504
-0.13302222155948898 0.7544065067354889 0.6427876096865394 0.42160654021078275
-0.6040227735550536 0.21984631039295427 0.766044443118978 0.4200838227026146
-2.1211504774498138e-16 -1.224646799147353e-16 1.0 0.42057915855494993
-0.15038373318043524 0.8528685319524432 0.5000000000000001 0.42278119945616993
-0.7198463103929541 0.2620026302293851 0.6427876096865394 0.41992144234733014
0.0 0.0 1.0 0.42057915855494993
-0.16317591116653477 0.9254165783983233 0.3420201433256688 0.42342418071486754
-0.8137976813493736 0.29619813272602397 0.5000000000000001 0.42078656624212013
0.133022221559489 0.11161889704894963 0.984807753012208 0.42002367799397927
-0.17101007166283433 0.9698463103929541 0.17364817766693041 0.42391081073814074
-0.8830222215594888 0.3213938048432698 0.3420201433256688 0.4225827480586909
0.2620026302293849 0.21984631039295416 0.9396926207859084 0.4193536332465779
-0.1736481776669303 0.984807753012208 6.123233995736766e-17 0.4239316348872301
-0.9254165783983233 0.3368240888334653 0.17364817766693041 0.42402424147356865
0.38302222155948895 0.32139380484326957 0.8660254037844387 0.4193405871859399
-0.17101007166283433 0.9698463103929541 -0.1736481776669303 0.42310765892334223
-0.9396926207859083 0.3420201433256689 6.123233995736766e-17 0.42471711368256854
0.49240387650610395 0.41317591116653474 0.766044443118978 0.42077435626274057
-0.1631759111665348 0.9254165783983234 -0.3420201433256687 0.42139444249750646
-0.9254165783983233 0.3368240888334653 -0.1736481776669303 0.42482173804960216
0.5868240888334652 0.49240387650610395 0.6427876096865394 0.42238422309909573
-0.15038373318043527 0.8528685319524433 -0.4999999999999998 0.42008319276831974
-0.883022221559489 0.3213938048432698 -0.3420201433256687 0.4244125412890589
0.6634139481689384 0.5566703992264193 0.5000000000000001 0.4231901603364994
-0.13302222155948898 0.7544065067354889 -0.6427876096865394 0.4200962800142642
0.7198463103929541 0.6040227735550536 0.3420201433256688 0.42335265492010693
-0.8137976813493737 0.29619813272602397 -0.4999999999999998 0.4233141365800915
-0.11161889704894966 0.6330222215594892 -0.7660444431189779 0.4203811489545331
0.7544065067354889 0.633022221559489 0.17364817766693041 0.42299848610790136
-0.7198463103929541 0.2620026302293851 -0.6427876096865394 0.421396757665715
-0.08682408883346514 0.49240387650610395 -0.8660254037844387 0.4203499925683573
0.766044443118978 0.6427876096865393 6.123233995736766e-17 0.42192672987113655
-0.05939117461388472 0.3368240888334653 -0.9396926207859083 0.42037532705352026
-0.6040227735550537 0.21984631039295432 -0.7660444431189779 0.4196452696276627
0.7544065067354889 0.633022221559489 -0.1736481776669303 0.4200951119934244
-0.03015368960704586 0.1710100716628347 -0.984807753012208 0.4206133896416932
-0.4698463103929541 0.1710100716628344 -0.8660254037844387 0.4193348979981173
0.7198463103929542 0.6040227735550536 -0.3420201433256687 0.41891327554817775
-0.3213938048432698 0.11697777844051108 -0.9396926207859083 0.4198061153091908
-2.126576849575771e-17 1.2060416625018976e-16 -1.0 0.42057915867007883
0.6634139481689384 0.5566703992264194 -0.4999999999999998 0.41927436992363765
-0.16317591116653513 0.05939117461388485 -0.984807753012208 0.4202834143797292
0.030153689607045744 -0.17101007166283405 -0.9848077530122081 0.4201889661604222
0.5868240888334652 0.49240387650610395 -0.6427876096865394 0.42004152829341224
0.05939117461388468 -0.3368240888334651 -0.9396926207859084 0.41957769601923245
-1.1507915602278503e-16 4.1885387376769936e-17 -1.0 0.42057915867007883
0.4924038765061041 0.41317591116653485 -0.7660444431189779 0.42056661207579554
0.08682408883346511 -0.49240387650610373 -0.8660254037844388 0.4191893608322421
0.16317591116653452 -0.05939117461388462 -0.9848077530122081 0.42070021314970024
0.38302222155948895 0.32139380484326957 -0.8660254037844387 0.42085544783772083
0.11161889704894962 -0.633022221559489 -0.766044443118978 0.4199417421127789
0.32139380484326957 -0.11697777844051101 -0.9396926207859084 0.42065866309061384
0.2620026302293851 0.21984631039295427 -0.9396926207859083 0.42096821698236936
0.13302222155948895 -0.7544065067354888 -0.6427876096865395 0.4216065402314606
0.4698463103929539 -0.17101007166283436 -0.8660254037844388 0.420438940270396
0.13302222155948928 0.11161889704894987 -0.984807753012208 0.42088655921180185
0.15038373318043524 -0.852868531952443 -0.5000000000000004 0.42278119943782094
0.6040227735550536 -0.21984631039295427 -0.766044443118978 0.4200838227074041
9.381338752702731e-17 7.871877887341985e-17 -1.0 0.42057915867007883
0.16317591116653477 -0.9254165783983231 -0.3420201433256694 0.42342418070376237
0.719846310392954 -0.262002630229385 -0.6427876096865395 0.4199214422725967
-0.13302222155948876 -0.11161889704894944 -0.9848077530122081 0.42002367814139696
0.17101007166283433 -0.9698463103929541 -0.17364817766693033 0.4239108107586947
0.8137976813493735 -0.2961981327260239 -0.5000000000000004 0.4207865662382248
-0.2620026302293849 -0.21984631039295413 -0.9396926207859084 0.4193536332357541
0.1736481776669303 -0.984807753012208 -1.8369701987210297e-16 0.4239316348646988
0.8830222215594888 -0.32139380484326974 -0.3420201433256694 0.4225827480805414
-0.3830222215594888 -0.32139380484326946 -0.8660254037844388 0.41934058716724104
0.17101007166283433 -0.9698463103929542 0.17364817766692997 0.42310765895991437
0.9254165783983233 -0.3368240888334653 -0.17364817766693033 0.4240242415585487
-0.49240387650610395 -0.41317591116653474 -0.766044443118978 0.420774356269094
0.16317591116653482 -0.9254165783983235 0.34202014332566816 0.4213944425280419
0.9396926207859083 -0.3420201433256689 -1.8369701987210297e-16 0.42471711369364906
-0.586824088833465 -0.4924038765061039 -0.6427876096865395 0.4223842231392013
0.15038373318043524 -0.8528685319524432 0.5000000000000001 0.42008319280460366
0.9254165783983234 -0.3368240888334653 0.17364817766692997 0.4248217380773845
-0.6634139481689383 -0.5566703992264191 -0.5000000000000004 0.42319016040228824
0.133022221559489 -0.754406506735489 0.6427876096865393 0.42009627999318416
0.8830222215594891 -0.32139380484326985 0.34202014332566816 0.4244125412957194
-0.719846310392954 -0.6040227735550535 -0.3420201433256694 0.4233526549513395
0.11161889704894967 -0.6330222215594893 0.7660444431189778 0.420381148899127
0.8137976813493736 -0.29619813272602397 0.5000000000000001 0.4233141364888137
-0.7544065067354889 -0.633022221559489 -0.17364817766693033 0.42299848608319623
0.08682408883346523 -0.49240387650610445 0.8660254037844384 0.42034999255684935
0.7198463103929542 -0.2620026302293851 0.6427876096865393 0.4213967575408866
-0.766044443118978 -0.6427876096865393 -1.8369701987210297e-16 0.42192672986556395
0.059391174613884816 -0.3368240888334659 0.9396926207859081 0.4203753270575822
0.6040227735550538 -0.21984631039295438 0.7660444431189778 0.41964526955706855
-0.754406506735489 -0.633022221559489 0.17364817766692997 0.420095111962603
0.030153689607045807 -0.17101007166283438 0.984807753012208 0.42061338958710115
0.4698463103929546 -0.17101007166283458 0.8660254037844384 0.4193348979273271
-0.7198463103929543 -0.6040227735550537 0.34202014332566816 0.418913275462227
4.253153699151542e-17 -2.412083325003795e-16 1.0 0.42057915855494993
0.3213938048432703 -0.11697777844051127 0.9396926207859081 0.419806115312204
-0.6634139481689384 -0.5566703992264193 0.5000000000000001 0.41927436989942457
-0.0 0.0 1.0 0.42057915855494993
0.16317591116653485 -0.05939117461388475 0.984807753012208 0.42028341434725935
-0.5868240888334653 -0.492403876506104 0.6427876096865393 0.42004152829107133
-0.0593911746138847 0.16317591116653482 0.984807753012208 0.42026607948642175
2.3015831204557005e-16 -8.377077475353987e-17 1.0 0.42057915855494993
-0.49240387650610423 -0.41317591116653496 0.7660444431189778 0.4205666120869225
-0.11697777844051097 0.3213938048432697 0.9396926207859084 0.41972850976847526
-0.0 0.0 1.0 0.42057915855494993
-0.38302222155948934 -0.3213938048432699 0.8660254037844384 0.42085544783903134
-0.17101007166283433 0.46984631039295416 0.8660254037844387 0.419287547007949
-0.17101007166283433 0.030153689607045866 0.984807753012208 0.42077001592760405
-0.26200263022938547 -0.21984631039295463 0.9396926207859081 0.4209682170027065
-0.21984631039295416 0.6040227735550536 0.766044443118978 0.4197627441840338
-0.33682408883346515 0.05939117461388482 0.9396926207859084 0.4208069846908421
-0.13302222155948903 -0.11161889704894967 0.984807753012208 0.4208865591767112
-0.2620026302293849 0.7198463103929542 0.6427876096865394 0.42136456467530176
-0.49240387650610395 0.08682408883346533 0.8660254037844387 0.4206615830885045
-1.8762677505405462e-16 -1.574375577468397e-16 1.0 0.42057915855494993
-0.2961981327260238 0.8137976813493737 0.5000000000000001 0.42278226607075864
-0.633022221559489 0.11161889704894987 0.766044443118978 0.42032189626232014
-0.3213938048432696 0.883022221559489 0.3420201433256688 0.4236496428171116
0.0 0.0 1.0 0.42057915855494993
-0.7544065067354889 0.13302222155948928 0.6427876096865394 0.4199418824441956
0.11161889704894966 0.133022221559489 0.984807753012208 0.42001240888588476
-0.33682408883346515 0.9254165783983234 0.17364817766693041 0.4242946324344435
-0.8528685319524432 0.15038373318043557 0.5000000000000001 0.4202366245900044
-0.3420201433256687 0.9396926207859084 6.123233995736766e-17 0.42449194740840823
0.2198463103929542 0.2620026302293849 0.9396926207859084 0.4193179565907534
-0.9254165783983233 0.16317591116653513 0.3420201433256688 0.42177302164090313
0.3213938048432696 0.38302222155948895 0.8660254037844387 0.4192972755993519
-0.33682408883346515 0.9254165783983234 -0.1736481776669303 0.4239330456112936
-0.9698463103929541 0.1710100716628347 0.17364817766693041 0.42344814977733347
0.4131759111665348 0.49240387650610395 0.766044443118978 0.4207198411274418
-0.3213938048432697 0.8830222215594891 -0.3420201433256687 0.4223972775290911
-0.984807753012208 0.1736481776669307 6.123233995736766e-17 0.42440089024135
-0.29619813272602386 0.8137976813493738 -0.4999999999999998 0.42062343170152916
0.49240387650610407 0.5868240888334652 0.6427876096865394 0.4222903220959578
-0.9698463103929541 0.1710100716628347 -0.1736481776669303 0.4247025418003225
-0.2620026302293849 0.7198463103929542 -0.6427876096865394 0.4200750462269948
0.5566703992264194 0.6634139481689384 0.5000000000000001 0.42305381141461146
-0.9254165783983234 0.16317591116653515 -0.3420201433256687 0.42447820560250205
-0.21984631039295424 0.6040227735550538 -0.7660444431189779 0.4202172276585663
0.6040227735550536 0.7198463103929541 0.3420201433256688 0.4231732952944737
-0.8528685319524433 0.1503837331804356 -0.4999999999999998 0.42362582061608367
-0.17101007166283433 0.46984631039295416 -0.8660254037844387 0.42020943802592886
0.6330222215594891 0.7544065067354889 0.17364817766693041 0.4227488962075465
-0.11697777844051102 0.3213938048432698 -0.9396926207859083 0.42027948916688085
0.6427876096865394 0.766044443118978 6.123233995736766e-17 0.4215677182890603
-0.7544065067354889 0.13302222155948928 -0.6427876096865394 0.4219253163288431
-0.05939117461388482 0.16317591116653515 -0.984807753012208 0.4205574340531943
0.6330222215594891 0.7544065067354889 -0.1736481776669303 0.4196439021010811
-0.6330222215594892 0.11161889704894991 -0.7660444431189779 0.41998810161013383
0.6040227735550537 0.7198463103929542 -0.3420201433256687 0.41849193765333026
-4.188538737676992e-17 1.1507915602278503e-16 -1.0 0.42057915867007883
-0.49240387650610395 0.08682408883346533 -0.8660254037844387 0.4193380498719225
0.5566703992264195 0.6634139481689384 -0.4999999999999998 0.41894650198004396
0.059391174613884594 -0.16317591116653454 -0.9848077530122081 0.4202660795086621
-0.3368240888334653 0.05939117461388485 -0.9396926207859083 0.4197251601503847
0.49240387650610407 0.5868240888334652 -0.6427876096865394 0.4197868916135454
0.11697777844051095 -0.3213938048432696 -0.9396926207859084 0.41972850968494413
-0.1710100716628347 0.03015368960704593 -0.984807753012208 0.4202292145497553
0.41317591116653496 0.4924038765061041 -0.7660444431189779 0.4203599372067346
0.17101007166283427 -0.46984631039295394 -0.8660254037844388 0.4192875470262501
-1.2060416625018976e-16 2.1265768495757756e-17 -1.0 0.42057915867007883
0.3213938048432696 0.38302222155948895 -0.8660254037844387 0.4206942702167244
0.21984631039295416 -0.6040227735550536 -0.766044443118978 0.4197627441922179
0.17101007166283405 -0.03015368960704581 -0.9848077530122081 0.42077001607214076
0.2198463103929543 0.2620026302293851 -0.9396926207859083 0.4208769175011171
0.2620026302293849 -0.7198463103929541 -0.6427876096865395 0.4213645647149384
0.11161889704894988 0.13302222155948928 -0.984807753012208 0.4208609477444879
0.3368240888334651 -0.05939117461388481 -0.9396926207859084 0.42080698485803164
0.29619813272602374 -0.8137976813493736 -0.5000000000000004 0.42278226604134245
0.49240387650610373 -0.0868240888334653 -0.8660254037844388 0.42066158305869517
0.32139380484326957 -0.8830222215594888 -0.3420201433256694 0.423649642811157
7.871877887341986e-17 9.381338752702731e-17 -1.0 0.42057915867007883
0.633022221559489 -0.11161889704894987 -0.766044443118978 0.4203218962084366
0.33682408883346515 -0.9254165783983234 -0.17364817766693033 0.4242946324979393
-0.11161889704894946 -0.13302222155948876 -0.9848077530122081 0.42001240905637627
0.7544065067354888 -0.13302222155948926 -0.6427876096865395 0.41994188244950376
0.3420201433256687 -0.9396926207859084 -1.8369701987210297e-16 0.42449194740155444
-0.21984631039295416 -0.2620026302293849 -0.9396926207859084 0.4193179565577125
0.852868531952443 -0.15038373318043557 -0.5000000000000004 0.42023662460382005
0.33682408883346515 -0.9254165783983235 0.17364817766692997 0.42393304566948076
-0.3213938048432695 -0.3830222215594888 -0.8660254037844388 0.41929727559353763
0.9254165783983231 -0.16317591116653513 -0.3420201433256694 0.42177302164560926
0.3213938048432697 -0.8830222215594892 0.34202014332566816 0.42239727757570994
-0.4131759111665348 -0.49240387650610395 -0.766044443118978 0.42071984113845684
0.9698463103929541 -0.1710100716628347 -0.17364817766693033 0.4234481497990698
0.2961981327260238 -0.8137976813493737 0.5000000000000001 0.4206234316706818
-0.49240387650610395 -0.586824088833465 -0.6427876096865395 0.4222903220328358
0.984807753012208 -0.1736481776669307 -1.8369701987210297e-16 0.4244008901545584
0.26200263022938497 -0.7198463103929543 0.6427876096865393 0.42007504621701713
-0.5566703992264193 -0.6634139481689383 -0.5000000000000004 0.4230538114091734
0.9698463103929542 -0.17101007166283472 0.17364817766692997 0.42470254173883515
0.21984631039295427 -0.604022773555054 0.7660444431189778 0.4202172277148055
-0.6040227735550536 -0.719846310392954 -0.3420201433256694 0.42317329536335996
0.9254165783983235 -0.16317591116653518 0.34202014332566816 0.4244782055253256
0.1710100716628345 -0.46984631039295466 0.8660254037844384 0.42020943805063904
-0.6330222215594891 -0.7544065067354889 -0.17364817766693033 0.42274889624463396
0.8528685319524432 -0.15038373318043557 0.5000000000000001 0.42362582058907233
0.11697777844051122 -0.32139380484327035 0.9396926207859081 0.4202794892080725
-0.6427876096865394 -0.766044443118978 -1.8369701987210297e-16 0.4215677182912524
0.754406506735489 -0.13302222155948928 0.6427876096865393 0.42192531621873536
0.05939117461388472 -0.16317591116653488 0.984807753012208 0.4205574340096353
-0.6330222215594891 -0.754406506735489 0.17364817766692997 0.41964390207712554
0.6330222215594893 -0.11161889704894992 0.7660444431189778 0.41998810155331934
8.377077475353984e-17 -2.3015831204557005e-16 1.0 0.42057915855494993
-0.6040227735550538 -0.7198463103929543 0.34202014332566816 0.41849193762367165
-0.5566703992264194 -0.6634139481689384 0.5000000000000001 0.41894650201527345
-0.4924038765061041 -0.5868240888334653 0.6427876096865393 0.41978689157714655
-0.413175911166535 -0.49240387650610423 0.7660444431189778 0.4203599372353572
-0.32139380484326996 -0.38302222155948934 0.8660254037844384 0.4206942703130392
-0.21984631039295466 -0.26200263022938547 0.9396926207859081 0.42087691750077266
-0.11161889704894969 -0.13302222155948903 0.984807753012208 0.42086094774341837
-1.5743755774683973e-16 -1.8762677505405462e-16 1.0 0.42057915855494993
